Backup
216
0.000 0.001 0.246 49.129 3.142 0.005 -0.000 -1.099
0.000 0.002 0.246 -0.000 3.142 0.005 -0.000 -1.099
0.000 0.006 0.614 73.694 3.142 0.005 -0.000 -1.099
0.000 0.010 0.860 49.129 3.142 0.005 -0.000 -1.099
0.000 0.015 1.105 49.129 3.142 0.005 -0.000 -1.099
0.000 0.022 1.351 49.129 3.142 0.005 -0.000 -1.099
0.000 0.030 1.597 49.129 3.142 0.005 -0.000 -1.099
0.001 0.039 1.842 49.129 3.142 0.005 -0.001 -1.099
0.001 0.050 2.088 49.129 3.142 0.005 -0.001 -1.099
0.001 0.061 2.334 49.129 3.142 0.005 -0.001 -1.099
0.002 0.074 2.579 49.129 3.142 0.005 -0.002 -1.099
0.002 0.088 2.825 49.129 3.142 0.005 -0.002 -1.099
0.003 0.104 3.071 49.129 3.142 0.005 -0.003 -1.099
0.003 0.120 3.316 49.129 3.142 0.005 -0.003 -1.099
0.004 0.138 3.562 49.129 3.142 0.005 -0.004 -1.099
0.005 0.157 3.808 49.129 3.142 0.005 -0.005 -1.099
0.005 0.177 4.053 49.129 3.142 0.005 -0.005 -1.099
0.006 0.199 4.299 49.129 3.142 0.005 -0.006 -1.099
0.008 0.222 4.544 49.129 3.142 0.005 -0.008 -1.099
0.009 0.246 4.790 49.129 3.142 0.005 -0.009 -1.099
0.010 0.271 5.036 49.129 3.142 0.005 -0.010 -1.099
0.012 0.297 5.281 49.129 3.142 0.005 -0.012 -1.099
0.013 0.325 5.527 49.129 3.142 0.005 -0.013 -1.099
0.015 0.354 5.773 49.129 3.142 0.005 -0.015 -1.099
0.017 0.384 6.018 49.129 3.142 0.005 -0.017 -1.099
0.019 0.415 6.264 49.129 3.142 0.005 -0.019 -1.099
0.021 0.448 6.510 49.129 3.142 0.005 -0.021 -1.099
0.024 0.481 6.755 49.129 3.142 0.005 -0.024 -1.099
0.026 0.516 7.001 49.129 3.142 0.005 -0.026 -1.099
0.029 0.553 7.247 49.129 3.142 0.005 -0.029 -1.099
0.032 0.590 7.492 49.129 3.142 0.005 -0.032 -1.099
0.035 0.629 7.738 49.129 3.142 0.005 -0.035 -1.099
0.038 0.668 7.861 24.565 3.142 0.005 -0.038 -1.099
0.042 0.707 7.861 0.000 3.142 0.005 -0.042 -1.099
0.046 0.747 7.861 -0.000 3.142 0.005 -0.046 -1.099
0.050 0.786 7.861 0.000 3.142 0.005 -0.050 -1.099
0.054 0.825 7.861 0.000 3.142 0.005 -0.054 -1.099
0.058 0.865 7.861 -0.000 3.142 0.005 -0.058 -1.099
0.063 0.904 7.861 -0.000 3.142 0.005 -0.063 -1.099
0.067 0.943 7.861 -0.000 3.142 0.005 -0.067 -1.099
0.072 0.983 7.861 0.000 3.142 0.005 -0.072 -1.099
0.077 1.022 7.861 0.000 3.142 0.005 -0.077 -1.099
0.083 1.061 7.861 -0.000 3.142 0.005 -0.083 -1.099
0.088 1.100 7.861 0.000 3.142 0.005 -0.088 -1.099
0.094 1.140 7.861 -0.000 3.142 0.005 -0.094 -1.099
0.100 1.179 7.861 0.000 3.142 0.005 -0.100 -1.099
0.106 1.218 7.861 -0.000 3.142 0.005 -0.106 -1.099
0.112 1.258 7.861 0.000 3.142 0.005 -0.112 -1.099
0.119 1.297 7.861 0.000 3.142 0.005 -0.119 -1.099
0.125 1.336 7.861 0.000 3.142 0.005 -0.125 -1.099
0.132 1.376 7.861 0.000 3.142 0.005 -0.132 -1.099
0.139 1.415 7.861 -0.000 3.142 0.005 -0.139 -1.099
0.147 1.454 7.861 0.000 3.142 0.005 -0.147 -1.099
0.154 1.494 7.861 -0.000 3.142 0.005 -0.154 -1.099
0.162 1.533 7.861 0.000 3.142 0.005 -0.162 -1.099
0.170 1.572 7.861 -0.000 3.142 0.005 -0.170 -1.099
0.178 1.611 7.861 0.000 3.142 0.005 -0.178 -1.099
0.186 1.651 7.861 -0.000 3.142 0.005 -0.186 -1.099
0.194 1.690 7.861 0.000 3.142 0.005 -0.194 -1.099
0.203 1.729 7.861 0.000 3.142 0.005 -0.203 -1.099
0.212 1.769 7.861 0.000 3.142 0.005 -0.212 -1.099
0.221 1.808 7.861 0.000 3.142 0.005 -0.221 -1.099
0.230 1.847 7.861 -0.000 3.142 0.005 -0.230 -1.099
0.240 1.887 7.861 0.000 3.142 0.005 -0.240 -1.099
0.249 1.926 7.861 -0.000 3.142 0.005 -0.249 -1.099
0.259 1.965 7.861 0.000 3.142 0.005 -0.259 -1.099
0.269 2.004 7.861 0.000 3.142 0.005 -0.269 -1.099
0.279 2.044 7.861 0.000 3.142 0.005 -0.279 -1.099
0.290 2.083 7.861 0.000 3.142 0.005 -0.290 -1.099
0.300 2.122 7.861 -0.000 3.142 0.005 -0.300 -1.099
0.311 2.162 7.861 0.000 3.142 0.005 -0.311 -1.099
0.322 2.201 7.861 0.000 3.142 0.005 -0.322 -1.099
0.333 2.240 7.861 -0.000 3.142 0.005 -0.333 -1.099
0.345 2.280 7.861 0.000 3.142 0.005 -0.345 -1.099
0.356 2.319 7.861 -0.000 3.142 0.005 -0.356 -1.099
0.368 2.358 7.861 0.000 3.142 0.005 -0.368 -1.099
0.380 2.397 7.738 -24.565 3.142 0.005 -0.380 -1.099
0.392 2.434 7.492 -49.129 3.142 0.005 -0.392 -1.099
0.405 2.471 7.247 -49.129 3.142 0.005 -0.405 -1.099
0.417 2.506 7.001 -49.129 3.142 0.005 -0.417 -1.099
0.430 2.539 6.755 -49.129 3.142 0.005 -0.430 -1.099
0.443 2.572 6.510 -49.129 3.142 0.005 -0.443 -1.099
0.456 2.603 6.264 -49.129 3.142 0.005 -0.456 -1.099
0.469 2.633 6.018 -49.129 3.142 0.005 -0.469 -1.099
0.482 2.662 5.773 -49.129 3.142 0.005 -0.482 -1.099
0.496 2.690 5.527 -49.129 3.142 0.005 -0.496 -1.099
0.509 2.716 5.281 -49.129 3.142 0.005 -0.509 -1.099
0.523 2.741 5.036 -49.129 3.142 0.005 -0.523 -1.099
0.537 2.765 4.790 -49.129 3.142 0.005 -0.537 -1.099
0.551 2.788 4.544 -49.129 3.142 0.005 -0.551 -1.099
0.565 2.810 4.299 -49.129 3.142 0.005 -0.565 -1.099
0.579 2.830 4.053 -49.129 3.142 0.005 -0.579 -1.099
0.593 2.849 3.808 -49.129 3.142 0.005 -0.593 -1.099
0.607 2.867 3.562 -49.129 3.142 0.005 -0.607 -1.099
0.622 2.883 3.316 -49.129 3.142 0.005 -0.622 -1.099
0.636 2.899 3.071 -49.129 3.142 0.005 -0.636 -1.099
0.651 2.913 2.825 -49.129 3.142 0.005 -0.651 -1.099
0.665 2.926 2.579 -49.129 3.142 0.005 -0.665 -1.099
0.680 2.937 2.334 -49.129 3.142 0.005 -0.680 -1.099
0.695 2.948 2.088 -49.129 3.142 0.005 -0.695 -1.099
0.710 2.957 1.842 -49.129 3.142 0.005 -0.710 -1.099
0.725 2.965 1.597 -49.129 3.142 0.005 -0.725 -1.099
0.739 2.972 1.351 -49.129 3.142 0.005 -0.739 -1.099
0.754 2.977 1.105 -49.129 3.142 0.005 -0.754 -1.099
0.769 2.982 0.860 -49.129 3.142 0.005 -0.769 -1.099
0.784 2.985 0.614 -49.129 3.142 0.005 -0.784 -1.099
0.799 2.986 0.368 -49.129 3.142 0.005 -0.799 -1.099
2.997 439.591 87320.918 17464109.941 0.000 0.005 -0.786 1.099
3.012 2.985 -87321.239 -34928431.454 0.000 0.005 -0.771 1.099
3.027 2.982 -0.582 17464131.336 0.000 0.005 -0.756 1.099
3.042 2.978 -0.828 -49.129 0.000 0.005 -0.741 1.099
3.057 2.972 -1.074 -49.129 0.000 0.005 -0.726 1.099
3.071 2.966 -1.319 -49.129 0.000 0.005 -0.712 1.099
3.086 2.958 -1.565 -49.129 0.000 0.005 -0.697 1.099
3.101 2.949 -1.811 -49.129 0.000 0.005 -0.682 1.099
3.116 2.939 -2.056 -49.129 0.000 0.005 -0.667 1.099
3.130 2.927 -2.302 -49.129 0.000 0.005 -0.653 1.099
3.145 2.914 -2.548 -49.129 0.000 0.005 -0.638 1.099
3.159 2.900 -2.793 -49.129 0.000 0.005 -0.624 1.099
3.174 2.885 -3.039 -49.129 0.000 0.005 -0.609 1.099
3.188 2.869 -3.285 -49.129 0.000 0.005 -0.595 1.099
3.202 2.851 -3.530 -49.129 0.000 0.005 -0.581 1.099
3.217 2.832 -3.776 -49.129 0.000 0.005 -0.566 1.099
3.231 2.812 -4.021 -49.129 0.000 0.005 -0.552 1.099
3.245 2.791 -4.267 -49.129 0.000 0.005 -0.538 1.099
3.258 2.768 -4.513 -49.129 0.000 0.005 -0.525 1.099
3.272 2.744 -4.758 -49.129 0.000 0.005 -0.511 1.099
3.286 2.719 -5.004 -49.129 0.000 0.005 -0.497 1.099
3.299 2.693 -5.250 -49.129 0.000 0.005 -0.484 1.099
3.313 2.666 -5.495 -49.129 0.000 0.005 -0.471 1.099
3.326 2.637 -5.741 -49.129 0.000 0.005 -0.457 1.099
3.339 2.607 -5.987 -49.129 0.000 0.005 -0.444 1.099
3.352 2.576 -6.232 -49.129 0.000 0.005 -0.431 1.099
3.364 2.544 -6.478 -49.129 0.000 0.005 -0.419 1.099
3.377 2.510 -6.724 -49.129 0.000 0.005 -0.406 1.099
3.389 2.475 -6.969 -49.129 0.000 0.005 -0.394 1.099
3.401 2.439 -7.215 -49.129 0.000 0.005 -0.382 1.099
3.413 2.402 -7.460 -49.129 0.000 0.005 -0.370 1.099
3.425 2.363 -7.706 -49.129 0.000 0.005 -0.358 1.099
3.437 2.324 -7.845 -27.734 0.000 0.005 -0.346 1.099
3.448 2.285 -7.861 -3.170 0.000 0.005 -0.335 1.099
3.460 2.245 -7.861 0.000 0.000 0.005 -0.323 1.099
3.471 2.206 -7.861 -0.000 0.000 0.005 -0.312 1.099
3.481 2.167 -7.861 0.000 0.000 0.005 -0.302 1.099
3.492 2.127 -7.861 -0.000 0.000 0.005 -0.291 1.099
3.502 2.088 -7.861 0.000 0.000 0.005 -0.281 1.099
3.513 2.049 -7.861 0.000 0.000 0.005 -0.270 1.099
3.523 2.010 -7.861 -0.000 0.000 0.005 -0.260 1.099
3.533 1.970 -7.861 0.000 0.000 0.005 -0.250 1.099
3.542 1.931 -7.861 -0.000 0.000 0.005 -0.241 1.099
3.552 1.892 -7.861 0.000 0.000 0.005 -0.231 1.099
3.561 1.852 -7.861 -0.000 0.000 0.005 -0.222 1.099
3.570 1.813 -7.861 0.000 0.000 0.005 -0.213 1.099
3.579 1.774 -7.861 -0.000 0.000 0.005 -0.204 1.099
3.588 1.734 -7.861 0.000 0.000 0.005 -0.195 1.099
3.596 1.695 -7.861 0.000 0.000 0.005 -0.187 1.099
3.604 1.656 -7.861 -0.000 0.000 0.005 -0.179 1.099
3.612 1.617 -7.861 0.000 0.000 0.005 -0.171 1.099
3.620 1.577 -7.861 -0.000 0.000 0.005 -0.163 1.099
3.628 1.538 -7.861 0.000 0.000 0.005 -0.155 1.099
3.636 1.499 -7.861 -0.000 0.000 0.005 -0.148 1.099
3.643 1.459 -7.861 0.000 0.000 0.005 -0.140 1.099
3.650 1.420 -7.861 -0.000 0.000 0.005 -0.133 1.099
3.657 1.381 -7.861 0.000 0.000 0.005 -0.126 1.099
3.664 1.341 -7.861 -0.000 0.000 0.005 -0.120 1.099
3.670 1.302 -7.861 0.000 0.000 0.005 -0.113 1.099
3.676 1.263 -7.861 0.000 0.000 0.005 -0.107 1.099
3.682 1.223 -7.861 -0.000 0.000 0.005 -0.101 1.099
3.688 1.184 -7.861 0.000 0.000 0.005 -0.095 1.099
3.694 1.145 -7.861 -0.000 0.000 0.005 -0.089 1.099
3.700 1.106 -7.861 0.000 0.000 0.005 -0.083 1.099
3.705 1.066 -7.861 -0.000 0.000 0.005 -0.078 1.099
3.710 1.027 -7.861 0.000 0.000 0.005 -0.073 1.099
3.715 0.988 -7.861 -0.000 0.000 0.005 -0.068 1.099
3.720 0.948 -7.861 0.000 0.000 0.005 -0.063 1.099
3.724 0.909 -7.861 -0.000 0.000 0.005 -0.059 1.099
3.729 0.870 -7.861 0.000 0.000 0.005 -0.054 1.099
3.733 0.830 -7.861 0.000 0.000 0.005 -0.050 1.099
3.737 0.791 -7.861 -0.000 0.000 0.005 -0.046 1.099
3.741 0.752 -7.861 0.000 0.000 0.005 -0.042 1.099
3.744 0.713 -7.861 -0.000 0.000 0.005 -0.039 1.099
3.747 0.673 -7.861 0.000 0.000 0.005 -0.036 1.099
3.751 0.634 -7.861 0.000 0.000 0.005 -0.032 1.099
3.754 0.595 -7.754 21.395 0.000 0.005 -0.029 1.099
3.756 0.558 -7.524 45.959 0.000 0.005 -0.027 1.099
3.759 0.521 -7.278 49.129 0.000 0.005 -0.024 1.099
3.761 0.486 -7.033 49.129 0.000 0.005 -0.022 1.099
3.764 0.452 -6.787 49.129 0.000 0.005 -0.019 1.099
3.766 0.419 -6.541 49.129 0.000 0.005 -0.017 1.099
3.768 0.388 -6.296 49.129 0.000 0.005 -0.015 1.099
3.770 0.358 -6.050 49.129 0.000 0.005 -0.014 1.099
3.771 0.329 -5.804 49.129 0.000 0.005 -0.012 1.099
3.773 0.301 -5.559 49.129 0.000 0.005 -0.010 1.099
3.774 0.274 -5.313 49.129 0.000 0.005 -0.009 1.099
3.775 0.249 -5.067 49.129 0.000 0.005 -0.008 1.099
3.776 0.225 -4.822 49.129 0.000 0.005 -0.007 1.099
3.777 0.202 -4.576 49.129 0.000 0.005 -0.006 1.099
3.778 0.180 -4.330 49.129 0.000 0.005 -0.005 1.099
3.779 0.160 -4.085 49.129 0.000 0.005 -0.004 1.099
3.780 0.141 -3.839 49.129 0.000 0.005 -0.003 1.099
3.780 0.123 -3.594 49.129 0.000 0.005 -0.003 1.099
3.781 0.106 -3.348 49.129 0.000 0.005 -0.002 1.099
3.781 0.090 -3.102 49.129 0.000 0.005 -0.002 1.099
3.782 0.076 -2.857 49.129 0.000 0.005 -0.001 1.099
3.782 0.063 -2.611 49.129 0.000 0.005 -0.001 1.099
3.782 0.051 -2.365 49.129 0.000 0.005 -0.001 1.099
3.783 0.041 -2.120 49.129 0.000 0.005 -0.000 1.099
3.783 0.031 -1.874 49.129 0.000 0.005 -0.000 1.099
3.783 0.023 -1.628 49.129 0.000 0.005 -0.000 1.099
3.783 0.016 -1.383 49.129 0.000 0.005 -0.000 1.099
3.783 0.011 -1.137 49.129 0.000 0.005 -0.000 1.099
3.783 0.006 -0.891 49.129 0.000 0.005 -0.000 1.099
3.783 0.003 -0.646 49.129 0.000 0.005 -0.000 1.099
3.783 0.001 -0.400 49.129 0.000 0.005 -0.000 1.099
3.783 0.000 -0.155 49.129 0.000 0.005 -0.000 1.099
3.783 0.000 -0.016 27.734 0.000 0.005 -0.000 1.099
0.000 0.001 0.246 49.129 3.142 0.005 -0.000 1.099
0.000 0.002 0.246 -0.000 3.142 0.005 -0.000 1.099
0.000 0.006 0.614 73.694 3.142 0.005 -0.000 1.099
0.000 0.010 0.860 49.129 3.142 0.005 -0.000 1.099
0.000 0.015 1.105 49.129 3.142 0.005 -0.000 1.099
0.000 0.022 1.351 49.129 3.142 0.005 -0.000 1.099
0.000 0.030 1.597 49.129 3.142 0.005 -0.000 1.099
0.001 0.039 1.842 49.129 3.142 0.005 -0.001 1.099
0.001 0.050 2.088 49.129 3.142 0.005 -0.001 1.099
0.001 0.061 2.334 49.129 3.142 0.005 -0.001 1.099
0.002 0.074 2.579 49.129 3.142 0.005 -0.002 1.099
0.002 0.088 2.825 49.129 3.142 0.005 -0.002 1.099
0.003 0.104 3.071 49.129 3.142 0.005 -0.003 1.099
0.003 0.120 3.316 49.129 3.142 0.005 -0.003 1.099
0.004 0.138 3.562 49.129 3.142 0.005 -0.004 1.099
0.005 0.157 3.808 49.129 3.142 0.005 -0.005 1.099
0.005 0.177 4.053 49.129 3.142 0.005 -0.005 1.099
0.006 0.199 4.299 49.129 3.142 0.005 -0.006 1.099
0.008 0.222 4.544 49.129 3.142 0.005 -0.008 1.099
0.009 0.246 4.790 49.129 3.142 0.005 -0.009 1.099
0.010 0.271 5.036 49.129 3.142 0.005 -0.010 1.099
0.012 0.297 5.281 49.129 3.142 0.005 -0.012 1.099
0.013 0.325 5.527 49.129 3.142 0.005 -0.013 1.099
0.015 0.354 5.773 49.129 3.142 0.005 -0.015 1.099
0.017 0.384 6.018 49.129 3.142 0.005 -0.017 1.099
0.019 0.415 6.264 49.129 3.142 0.005 -0.019 1.099
0.021 0.448 6.510 49.129 3.142 0.005 -0.021 1.099
0.024 0.481 6.755 49.129 3.142 0.005 -0.024 1.099
0.026 0.516 7.001 49.129 3.142 0.005 -0.026 1.099
0.029 0.553 7.247 49.129 3.142 0.005 -0.029 1.099
0.032 0.590 7.492 49.129 3.142 0.005 -0.032 1.099
0.035 0.629 7.738 49.129 3.142 0.005 -0.035 1.099
0.038 0.668 7.861 24.565 3.142 0.005 -0.038 1.099
0.042 0.707 7.861 0.000 3.142 0.005 -0.042 1.099
0.046 0.747 7.861 -0.000 3.142 0.005 -0.046 1.099
0.050 0.786 7.861 0.000 3.142 0.005 -0.050 1.099
0.054 0.825 7.861 0.000 3.142 0.005 -0.054 1.099
0.058 0.865 7.861 -0.000 3.142 0.005 -0.058 1.099
0.063 0.904 7.861 -0.000 3.142 0.005 -0.063 1.099
0.067 0.943 7.861 0.000 3.142 0.005 -0.067 1.099
0.072 0.983 7.861 -0.000 3.142 0.005 -0.072 1.099
0.077 1.022 7.861 0.000 3.142 0.005 -0.077 1.099
0.083 1.061 7.861 -0.000 3.142 0.005 -0.083 1.099
0.088 1.100 7.861 0.000 3.142 0.005 -0.088 1.099
0.094 1.140 7.861 -0.000 3.142 0.005 -0.094 1.099
0.100 1.179 7.861 0.000 3.142 0.005 -0.100 1.099
0.106 1.218 7.861 -0.000 3.142 0.005 -0.106 1.099
0.112 1.258 7.861 0.000 3.142 0.005 -0.112 1.099
0.119 1.297 7.861 0.000 3.142 0.005 -0.119 1.099
0.125 1.336 7.861 0.000 3.142 0.005 -0.125 1.099
0.132 1.376 7.861 0.000 3.142 0.005 -0.132 1.099
0.139 1.415 7.861 -0.000 3.142 0.005 -0.139 1.099
0.147 1.454 7.861 0.000 3.142 0.005 -0.147 1.099
0.154 1.494 7.861 -0.000 3.142 0.005 -0.154 1.099
0.162 1.533 7.861 0.000 3.142 0.005 -0.162 1.099
0.170 1.572 7.861 -0.000 3.142 0.005 -0.170 1.099
0.178 1.611 7.861 0.000 3.142 0.005 -0.178 1.099
0.186 1.651 7.861 -0.000 3.142 0.005 -0.186 1.099
0.194 1.690 7.861 0.000 3.142 0.005 -0.194 1.099
0.203 1.729 7.861 0.000 3.142 0.005 -0.203 1.099
0.212 1.769 7.861 0.000 3.142 0.005 -0.212 1.099
0.221 1.808 7.861 0.000 3.142 0.005 -0.221 1.099
0.230 1.847 7.861 -0.000 3.142 0.005 -0.230 1.099
0.240 1.887 7.861 0.000 3.142 0.005 -0.240 1.099
0.249 1.926 7.861 -0.000 3.142 0.005 -0.249 1.099
0.259 1.965 7.861 0.000 3.142 0.005 -0.259 1.099
0.269 2.004 7.861 -0.000 3.142 0.005 -0.269 1.099
0.279 2.044 7.861 0.000 3.142 0.005 -0.279 1.099
0.290 2.083 7.861 0.000 3.142 0.005 -0.290 1.099
0.300 2.122 7.861 -0.000 3.142 0.005 -0.300 1.099
0.311 2.162 7.861 0.000 3.142 0.005 -0.311 1.099
0.322 2.201 7.861 0.000 3.142 0.005 -0.322 1.099
0.333 2.240 7.861 -0.000 3.142 0.005 -0.333 1.099
0.345 2.280 7.861 0.000 3.142 0.005 -0.345 1.099
0.356 2.319 7.861 -0.000 3.142 0.005 -0.356 1.099
0.368 2.358 7.861 0.000 3.142 0.005 -0.368 1.099
0.380 2.397 7.738 -24.565 3.142 0.005 -0.380 1.099
0.392 2.434 7.492 -49.129 3.142 0.005 -0.392 1.099
0.405 2.471 7.247 -49.129 3.142 0.005 -0.405 1.099
0.417 2.506 7.001 -49.129 3.142 0.005 -0.417 1.099
0.430 2.539 6.755 -49.129 3.142 0.005 -0.430 1.099
0.443 2.572 6.510 -49.129 3.142 0.005 -0.443 1.099
0.456 2.603 6.264 -49.129 3.142 0.005 -0.456 1.099
0.469 2.633 6.018 -49.129 3.142 0.005 -0.469 1.099
0.482 2.662 5.773 -49.129 3.142 0.005 -0.482 1.099
0.496 2.690 5.527 -49.129 3.142 0.005 -0.496 1.099
0.509 2.716 5.281 -49.129 3.142 0.005 -0.509 1.099
0.523 2.741 5.036 -49.129 3.142 0.005 -0.523 1.099
0.537 2.765 4.790 -49.129 3.142 0.005 -0.537 1.099
0.551 2.788 4.544 -49.129 3.142 0.005 -0.551 1.099
0.565 2.810 4.299 -49.129 3.142 0.005 -0.565 1.099
0.579 2.830 4.053 -49.129 3.142 0.005 -0.579 1.099
0.593 2.849 3.808 -49.129 3.142 0.005 -0.593 1.099
0.607 2.867 3.562 -49.129 3.142 0.005 -0.607 1.099
0.622 2.883 3.316 -49.129 3.142 0.005 -0.622 1.099
0.636 2.899 3.071 -49.129 3.142 0.005 -0.636 1.099
0.651 2.913 2.825 -49.129 3.142 0.005 -0.651 1.099
0.665 2.926 2.579 -49.129 3.142 0.005 -0.665 1.099
0.680 2.937 2.334 -49.129 3.142 0.005 -0.680 1.099
0.695 2.948 2.088 -49.129 3.142 0.005 -0.695 1.099
0.710 2.957 1.842 -49.129 3.142 0.005 -0.710 1.099
0.725 2.965 1.597 -49.129 3.142 0.005 -0.725 1.099
0.739 2.972 1.351 -49.129 3.142 0.005 -0.739 1.099
0.754 2.977 1.105 -49.129 3.142 0.005 -0.754 1.099
0.769 2.982 0.860 -49.129 3.142 0.005 -0.769 1.099
0.784 2.985 0.614 -49.129 3.142 0.005 -0.784 1.099
0.799 2.986 0.368 -49.129 3.142 0.005 -0.799 1.099
2.997 439.591 87320.918 17464109.941 0.000 0.005 -0.786 -1.099
3.012 2.985 -87321.239 -34928431.454 0.000 0.005 -0.771 -1.099
3.027 2.982 -0.582 17464131.336 0.000 0.005 -0.756 -1.099
3.042 2.978 -0.828 -49.129 0.000 0.005 -0.741 -1.099
3.057 2.972 -1.074 -49.129 0.000 0.005 -0.726 -1.099
3.071 2.966 -1.319 -49.129 0.000 0.005 -0.712 -1.099
3.086 2.958 -1.565 -49.129 0.000 0.005 -0.697 -1.099
3.101 2.949 -1.811 -49.129 0.000 0.005 -0.682 -1.099
3.116 2.939 -2.056 -49.129 0.000 0.005 -0.667 -1.099
3.130 2.927 -2.302 -49.129 0.000 0.005 -0.653 -1.099
3.145 2.914 -2.548 -49.129 0.000 0.005 -0.638 -1.099
3.159 2.900 -2.793 -49.129 0.000 0.005 -0.624 -1.099
3.174 2.885 -3.039 -49.129 0.000 0.005 -0.609 -1.099
3.188 2.869 -3.285 -49.129 0.000 0.005 -0.595 -1.099
3.202 2.851 -3.530 -49.129 0.000 0.005 -0.581 -1.099
3.217 2.832 -3.776 -49.129 0.000 0.005 -0.566 -1.099
3.231 2.812 -4.021 -49.129 0.000 0.005 -0.552 -1.099
3.245 2.791 -4.267 -49.129 0.000 0.005 -0.538 -1.099
3.258 2.768 -4.513 -49.129 0.000 0.005 -0.525 -1.099
3.272 2.744 -4.758 -49.129 0.000 0.005 -0.511 -1.099
3.286 2.719 -5.004 -49.129 0.000 0.005 -0.497 -1.099
3.299 2.693 -5.250 -49.129 0.000 0.005 -0.484 -1.099
3.313 2.666 -5.495 -49.129 0.000 0.005 -0.471 -1.099
3.326 2.637 -5.741 -49.129 0.000 0.005 -0.457 -1.099
3.339 2.607 -5.987 -49.129 0.000 0.005 -0.444 -1.099
3.352 2.576 -6.232 -49.129 0.000 0.005 -0.431 -1.099
3.364 2.544 -6.478 -49.129 0.000 0.005 -0.419 -1.099
3.377 2.510 -6.724 -49.129 0.000 0.005 -0.406 -1.099
3.389 2.475 -6.969 -49.129 0.000 0.005 -0.394 -1.099
3.401 2.439 -7.215 -49.129 0.000 0.005 -0.382 -1.099
3.413 2.402 -7.460 -49.129 0.000 0.005 -0.370 -1.099
3.425 2.363 -7.706 -49.129 0.000 0.005 -0.358 -1.099
3.437 2.324 -7.845 -27.734 0.000 0.005 -0.346 -1.099
3.448 2.285 -7.861 -3.170 0.000 0.005 -0.335 -1.099
3.460 2.245 -7.861 0.000 0.000 0.005 -0.323 -1.099
3.471 2.206 -7.861 -0.000 0.000 0.005 -0.312 -1.099
3.481 2.167 -7.861 0.000 0.000 0.005 -0.302 -1.099
3.492 2.127 -7.861 -0.000 0.000 0.005 -0.291 -1.099
3.502 2.088 -7.861 0.000 0.000 0.005 -0.281 -1.099
3.513 2.049 -7.861 0.000 0.000 0.005 -0.270 -1.099
3.523 2.010 -7.861 -0.000 0.000 0.005 -0.260 -1.099
3.533 1.970 -7.861 0.000 0.000 0.005 -0.250 -1.099
3.542 1.931 -7.861 -0.000 0.000 0.005 -0.241 -1.099
3.552 1.892 -7.861 0.000 0.000 0.005 -0.231 -1.099
3.561 1.852 -7.861 -0.000 0.000 0.005 -0.222 -1.099
3.570 1.813 -7.861 0.000 0.000 0.005 -0.213 -1.099
3.579 1.774 -7.861 -0.000 0.000 0.005 -0.204 -1.099
3.588 1.734 -7.861 0.000 0.000 0.005 -0.195 -1.099
3.596 1.695 -7.861 0.000 0.000 0.005 -0.187 -1.099
3.604 1.656 -7.861 -0.000 0.000 0.005 -0.179 -1.099
3.612 1.617 -7.861 0.000 0.000 0.005 -0.171 -1.099
3.620 1.577 -7.861 -0.000 0.000 0.005 -0.163 -1.099
3.628 1.538 -7.861 0.000 0.000 0.005 -0.155 -1.099
3.636 1.499 -7.861 -0.000 0.000 0.005 -0.148 -1.099
3.643 1.459 -7.861 0.000 0.000 0.005 -0.140 -1.099
3.650 1.420 -7.861 -0.000 0.000 0.005 -0.133 -1.099
3.657 1.381 -7.861 0.000 0.000 0.005 -0.126 -1.099
3.664 1.341 -7.861 -0.000 0.000 0.005 -0.120 -1.099
3.670 1.302 -7.861 0.000 0.000 0.005 -0.113 -1.099
3.676 1.263 -7.861 0.000 0.000 0.005 -0.107 -1.099
3.682 1.223 -7.861 -0.000 0.000 0.005 -0.101 -1.099
3.688 1.184 -7.861 0.000 0.000 0.005 -0.095 -1.099
3.694 1.145 -7.861 -0.000 0.000 0.005 -0.089 -1.099
3.700 1.106 -7.861 0.000 0.000 0.005 -0.083 -1.099
3.705 1.066 -7.861 -0.000 0.000 0.005 -0.078 -1.099
3.710 1.027 -7.861 0.000 0.000 0.005 -0.073 -1.099
3.715 0.988 -7.861 -0.000 0.000 0.005 -0.068 -1.099
3.720 0.948 -7.861 0.000 0.000 0.005 -0.063 -1.099
3.724 0.909 -7.861 -0.000 0.000 0.005 -0.059 -1.099
3.729 0.870 -7.861 0.000 0.000 0.005 -0.054 -1.099
3.733 0.830 -7.861 0.000 0.000 0.005 -0.050 -1.099
3.737 0.791 -7.861 -0.000 0.000 0.005 -0.046 -1.099
3.741 0.752 -7.861 0.000 0.000 0.005 -0.042 -1.099
3.744 0.713 -7.861 -0.000 0.000 0.005 -0.039 -1.099
3.747 0.673 -7.861 0.000 0.000 0.005 -0.036 -1.099
3.751 0.634 -7.861 0.000 0.000 0.005 -0.032 -1.099
3.754 0.595 -7.754 21.395 0.000 0.005 -0.029 -1.099
3.756 0.558 -7.524 45.959 0.000 0.005 -0.027 -1.099
3.759 0.521 -7.278 49.129 0.000 0.005 -0.024 -1.099
3.761 0.486 -7.033 49.129 0.000 0.005 -0.022 -1.099
3.764 0.452 -6.787 49.129 0.000 0.005 -0.019 -1.099
3.766 0.419 -6.541 49.129 0.000 0.005 -0.017 -1.099
3.768 0.388 -6.296 49.129 0.000 0.005 -0.015 -1.099
3.770 0.358 -6.050 49.129 0.000 0.005 -0.014 -1.099
3.771 0.329 -5.804 49.129 0.000 0.005 -0.012 -1.099
3.773 0.301 -5.559 49.129 0.000 0.005 -0.010 -1.099
3.774 0.274 -5.313 49.129 0.000 0.005 -0.009 -1.099
3.775 0.249 -5.067 49.129 0.000 0.005 -0.008 -1.099
3.776 0.225 -4.822 49.129 0.000 0.005 -0.007 -1.099
3.777 0.202 -4.576 49.129 0.000 0.005 -0.006 -1.099
3.778 0.180 -4.330 49.129 0.000 0.005 -0.005 -1.099
3.779 0.160 -4.085 49.129 0.000 0.005 -0.004 -1.099
3.780 0.141 -3.839 49.129 0.000 0.005 -0.003 -1.099
3.780 0.123 -3.594 49.129 0.000 0.005 -0.003 -1.099
3.781 0.106 -3.348 49.129 0.000 0.005 -0.002 -1.099
3.781 0.090 -3.102 49.129 0.000 0.005 -0.002 -1.099
3.782 0.076 -2.857 49.129 0.000 0.005 -0.001 -1.099
3.782 0.063 -2.611 49.129 0.000 0.005 -0.001 -1.099
3.782 0.051 -2.365 49.129 0.000 0.005 -0.001 -1.099
3.783 0.041 -2.120 49.129 0.000 0.005 -0.000 -1.099
3.783 0.031 -1.874 49.129 0.000 0.005 -0.000 -1.099
3.783 0.023 -1.628 49.129 0.000 0.005 -0.000 -1.099
3.783 0.016 -1.383 49.129 0.000 0.005 -0.000 -1.099
3.783 0.011 -1.137 49.129 0.000 0.005 -0.000 -1.099
3.783 0.006 -0.891 49.129 0.000 0.005 -0.000 -1.099
3.783 0.003 -0.646 49.129 0.000 0.005 -0.000 -1.099
3.783 0.001 -0.400 49.129 0.000 0.005 -0.000 -1.099
3.783 0.000 -0.155 49.129 0.000 0.005 -0.000 -1.099
3.783 0.000 -0.016 27.734 0.000 0.005 -0.000 -1.099
