Baseline
554
0.000 0.001 0.250 50.000 0.000 0.005 0.000 1.099
0.000 0.003 0.250 0.000 0.000 0.005 0.000 1.099
0.000 0.006 0.625 75.000 0.000 0.005 0.000 1.099
0.000 0.010 0.875 50.000 0.000 0.005 0.000 1.099
0.000 0.016 1.125 50.000 0.000 0.005 0.000 1.099
0.000 0.023 1.375 50.000 0.000 0.005 0.000 1.099
0.000 0.031 1.625 50.000 0.000 0.005 0.000 1.099
0.001 0.040 1.875 50.000 0.000 0.005 0.001 1.099
0.001 0.051 2.125 50.000 0.000 0.005 0.001 1.099
0.001 0.062 2.375 50.000 0.000 0.005 0.001 1.099
0.002 0.076 2.625 50.000 0.000 0.005 0.002 1.099
0.002 0.090 2.875 50.000 0.000 0.005 0.002 1.099
0.003 0.106 3.125 50.000 0.000 0.005 0.003 1.099
0.003 0.122 3.375 50.000 0.000 0.005 0.003 1.099
0.004 0.141 3.625 50.000 0.000 0.005 0.004 1.099
0.005 0.160 3.875 50.000 0.000 0.005 0.005 1.099
0.006 0.181 4.125 50.000 0.000 0.005 0.006 1.099
0.007 0.202 4.375 50.000 0.000 0.005 0.007 1.099
0.008 0.226 4.625 50.000 0.000 0.005 0.008 1.099
0.009 0.250 4.875 50.000 0.000 0.005 0.009 1.099
0.010 0.275 5.000 25.000 0.000 0.005 0.010 1.099
0.012 0.300 5.000 0.000 0.000 0.005 0.012 1.099
0.013 0.325 5.000 -0.000 0.000 0.005 0.013 1.099
0.015 0.350 5.000 0.000 0.000 0.005 0.015 1.099
0.017 0.375 5.000 -0.000 0.000 0.005 0.017 1.099
0.019 0.400 5.000 -0.000 0.000 0.005 0.019 1.099
0.021 0.425 5.000 0.000 0.000 0.005 0.021 1.099
0.023 0.450 5.000 0.000 0.000 0.005 0.023 1.099
0.026 0.475 5.000 0.000 0.000 0.005 0.026 1.099
0.028 0.500 5.000 -0.000 0.000 0.005 0.028 1.099
0.031 0.525 5.000 0.000 0.000 0.005 0.031 1.099
0.034 0.550 5.000 0.000 0.000 0.005 0.034 1.099
0.037 0.575 5.000 0.000 0.000 0.005 0.037 1.099
0.040 0.600 5.000 -0.000 0.000 0.005 0.040 1.099
0.043 0.625 5.000 0.000 0.000 0.005 0.043 1.099
0.046 0.650 5.000 -0.000 0.000 0.005 0.046 1.099
0.049 0.675 5.000 0.000 0.000 0.005 0.049 1.099
0.053 0.700 5.000 -0.000 0.000 0.005 0.053 1.099
0.056 0.725 5.000 0.000 0.000 0.005 0.056 1.099
0.060 0.750 5.000 0.000 0.000 0.005 0.060 1.099
0.064 0.775 5.000 -0.000 0.000 0.005 0.064 1.099
0.068 0.800 5.000 -0.000 0.000 0.005 0.068 1.099
0.072 0.825 5.000 0.000 0.000 0.005 0.072 1.099
0.076 0.850 5.000 0.000 0.000 0.005 0.076 1.099
0.081 0.875 5.000 -0.000 0.000 0.005 0.081 1.099
0.085 0.900 5.000 0.000 0.000 0.005 0.085 1.099
0.090 0.925 5.000 -0.000 0.000 0.005 0.090 1.099
0.095 0.950 5.000 0.000 0.000 0.005 0.095 1.099
0.100 0.975 5.000 0.000 0.000 0.005 0.100 1.099
0.105 1.000 5.000 -0.000 0.000 0.005 0.105 1.099
0.110 1.025 5.000 0.000 0.000 0.005 0.110 1.099
0.115 1.050 5.000 -0.000 0.000 0.005 0.115 1.099
0.120 1.075 5.000 0.000 0.000 0.005 0.120 1.099
0.126 1.100 5.000 -0.000 0.000 0.005 0.126 1.099
0.131 1.125 5.000 0.000 0.000 0.005 0.131 1.099
0.137 1.150 5.000 0.000 0.000 0.005 0.137 1.099
0.143 1.175 5.000 0.000 0.000 0.005 0.143 1.099
0.149 1.200 5.000 -0.000 0.000 0.005 0.149 1.099
0.155 1.225 5.000 0.000 0.000 0.005 0.155 1.099
0.161 1.250 5.000 0.000 0.000 0.005 0.161 1.099
0.168 1.275 5.000 0.000 0.000 0.005 0.168 1.099
0.174 1.300 5.000 -0.000 0.000 0.005 0.174 1.099
0.181 1.325 5.000 0.000 0.000 0.005 0.181 1.099
0.188 1.350 5.000 0.000 0.000 0.005 0.188 1.099
0.195 1.375 5.000 -0.000 0.000 0.005 0.195 1.099
0.202 1.400 5.000 0.000 0.000 0.005 0.202 1.099
0.209 1.425 5.000 -0.000 0.000 0.005 0.209 1.099
0.216 1.450 5.000 0.000 0.000 0.005 0.216 1.099
0.223 1.475 5.000 0.000 0.000 0.005 0.223 1.099
0.231 1.500 5.000 -0.000 0.000 0.005 0.231 1.099
0.238 1.525 5.000 0.000 0.000 0.005 0.238 1.099
0.246 1.550 5.000 0.000 0.000 0.005 0.246 1.099
0.254 1.575 5.000 -0.000 0.000 0.005 0.254 1.099
0.262 1.600 5.000 -0.000 0.000 0.005 0.262 1.099
0.270 1.625 5.000 -0.000 0.000 0.005 0.270 1.099
0.278 1.650 5.000 0.000 0.000 0.005 0.278 1.099
0.287 1.675 5.000 0.000 0.000 0.005 0.287 1.099
0.295 1.700 5.000 -0.000 0.000 0.005 0.295 1.099
0.304 1.725 5.000 0.000 0.000 0.005 0.304 1.099
0.313 1.750 5.000 -0.000 0.000 0.005 0.313 1.099
0.322 1.775 5.000 0.000 0.000 0.005 0.322 1.099
0.331 1.800 5.000 -0.000 0.000 0.005 0.331 1.099
0.340 1.825 5.000 0.000 0.000 0.005 0.340 1.099
0.349 1.850 5.000 -0.000 0.000 0.005 0.349 1.099
0.358 1.875 5.000 0.000 0.000 0.005 0.358 1.099
0.368 1.900 5.000 0.000 0.000 0.005 0.368 1.099
0.377 1.925 5.000 -0.000 0.000 0.005 0.377 1.099
0.387 1.950 5.000 0.000 0.000 0.005 0.387 1.099
0.397 1.975 5.000 0.000 0.000 0.005 0.397 1.099
0.407 2.000 5.000 -0.000 0.000 0.005 0.407 1.099
0.417 2.025 5.000 0.000 0.000 0.005 0.417 1.099
0.427 2.050 5.000 -0.000 0.000 0.005 0.427 1.099
0.438 2.075 5.000 0.000 0.000 0.005 0.438 1.099
0.448 2.100 5.000 -0.000 0.000 0.005 0.448 1.099
0.459 2.125 5.000 0.000 0.000 0.005 0.459 1.099
0.470 2.150 5.000 0.000 0.000 0.005 0.470 1.099
0.481 2.175 5.000 -0.000 0.000 0.005 0.481 1.099
0.492 2.200 5.000 0.000 0.000 0.005 0.492 1.099
0.503 2.225 5.000 -0.000 0.000 0.005 0.503 1.099
0.514 2.250 5.000 0.000 0.000 0.005 0.514 1.099
0.525 2.275 5.000 0.000 0.000 0.005 0.525 1.099
0.537 2.300 5.000 0.000 0.000 0.005 0.537 1.099
0.548 2.325 5.000 -0.000 0.000 0.005 0.548 1.099
0.560 2.350 5.000 -0.000 0.000 0.005 0.560 1.099
0.572 2.375 5.000 0.000 0.000 0.005 0.572 1.099
0.584 2.400 5.000 0.000 0.000 0.005 0.584 1.099
0.596 2.425 5.000 -0.000 0.000 0.005 0.596 1.099
0.608 2.450 5.000 0.000 0.000 0.005 0.608 1.099
0.621 2.475 5.000 0.000 0.000 0.005 0.621 1.099
0.633 2.500 5.000 -0.000 0.000 0.005 0.633 1.099
0.646 2.525 5.000 0.000 0.000 0.005 0.646 1.099
0.659 2.550 5.000 -0.000 0.000 0.005 0.659 1.099
0.672 2.575 5.000 0.000 0.000 0.005 0.672 1.099
0.685 2.600 5.000 0.000 0.000 0.005 0.685 1.099
0.698 2.625 5.000 -0.000 0.000 0.005 0.698 1.099
0.711 2.650 5.000 0.000 0.000 0.005 0.711 1.099
0.724 2.675 5.000 0.000 0.000 0.005 0.724 1.099
0.738 2.700 5.000 -0.000 0.000 0.005 0.738 1.099
0.751 2.725 5.000 -0.000 0.000 0.005 0.751 1.099
0.765 2.750 5.000 0.000 0.000 0.005 0.765 1.099
0.779 2.775 5.000 -0.000 0.000 0.005 0.779 1.099
0.793 2.800 5.000 0.000 0.000 0.005 0.793 1.099
0.807 2.825 5.000 -0.000 0.000 0.005 0.807 1.099
0.821 2.850 5.000 0.000 0.000 0.005 0.821 1.099
0.836 2.875 5.000 -0.000 0.000 0.005 0.836 1.099
0.850 2.900 5.000 0.000 0.000 0.005 0.850 1.099
0.865 2.925 5.000 0.000 0.000 0.005 0.865 1.099
0.880 2.950 5.000 -0.000 0.000 0.005 0.880 1.099
0.895 2.975 5.000 0.000 0.000 0.005 0.895 1.099
0.910 3.000 5.000 0.000 0.000 0.005 0.910 1.099
0.925 3.025 5.000 -0.000 0.000 0.005 0.925 1.099
0.940 3.050 5.000 -0.000 0.000 0.005 0.940 1.099
0.955 3.075 5.000 0.000 0.000 0.005 0.955 1.099
0.971 3.100 5.000 -0.000 0.000 0.005 0.971 1.099
0.986 3.125 5.000 0.000 0.000 0.005 0.986 1.099
1.002 3.150 5.000 0.000 0.000 0.005 1.002 1.099
1.018 3.175 5.000 0.000 0.000 0.005 1.018 1.099
1.034 3.200 5.000 -0.000 0.000 0.005 1.034 1.099
1.050 3.225 5.000 -0.000 0.000 0.005 1.050 1.099
1.066 3.250 5.000 0.000 0.000 0.005 1.066 1.099
1.083 3.275 5.000 0.000 0.000 0.005 1.083 1.099
1.099 3.300 5.000 0.000 0.000 0.005 1.099 1.099
1.116 3.325 5.000 0.000 0.000 0.005 1.116 1.099
1.133 3.350 5.000 -0.000 0.000 0.005 1.133 1.099
1.150 3.375 5.000 0.000 0.000 0.005 1.150 1.099
1.167 3.400 5.000 0.000 0.000 0.005 1.167 1.099
1.184 3.425 5.000 -0.000 0.000 0.005 1.184 1.099
1.201 3.450 5.000 0.000 0.000 0.005 1.201 1.099
1.218 3.475 5.000 0.000 0.000 0.005 1.218 1.099
1.236 3.500 5.000 -0.000 0.000 0.005 1.236 1.099
1.253 3.525 5.000 0.000 0.000 0.005 1.253 1.099
1.271 3.550 5.000 -0.000 0.000 0.005 1.271 1.099
1.289 3.575 5.000 0.000 0.000 0.005 1.289 1.099
1.307 3.600 5.000 -0.000 0.000 0.005 1.307 1.099
1.325 3.625 5.000 0.000 0.000 0.005 1.325 1.099
1.343 3.650 5.000 -0.000 0.000 0.005 1.343 1.099
1.362 3.675 5.000 0.000 0.000 0.005 1.362 1.099
1.380 3.700 5.000 0.000 0.000 0.005 1.380 1.099
1.399 3.725 5.000 0.000 0.000 0.005 1.399 1.099
1.418 3.750 5.000 -0.000 0.000 0.005 1.418 1.099
1.437 3.775 5.000 0.000 0.000 0.005 1.437 1.099
1.456 3.800 5.000 0.000 0.000 0.005 1.456 1.099
1.475 3.825 5.000 -0.000 0.000 0.005 1.475 1.099
1.494 3.850 5.000 0.000 0.000 0.005 1.494 1.099
1.513 3.875 5.000 -0.000 0.000 0.005 1.513 1.099
1.533 3.900 5.000 0.000 0.000 0.005 1.533 1.099
1.552 3.925 5.000 0.000 0.000 0.005 1.552 1.099
1.572 3.950 5.000 -0.000 0.000 0.005 1.572 1.099
1.592 3.975 5.000 0.000 0.000 0.005 1.592 1.099
1.612 4.000 5.000 -0.000 0.000 0.005 1.612 1.099
1.632 4.025 5.000 0.000 0.000 0.005 1.632 1.099
1.652 4.050 5.000 0.000 0.000 0.005 1.652 1.099
1.673 4.075 5.000 -0.000 0.000 0.005 1.673 1.099
1.693 4.100 5.000 0.000 0.000 0.005 1.693 1.099
1.714 4.125 5.000 0.000 0.000 0.005 1.714 1.099
1.735 4.150 5.000 0.000 0.000 0.005 1.735 1.099
1.756 4.175 5.000 -0.000 0.000 0.005 1.756 1.099
1.777 4.200 5.000 -0.000 0.000 0.005 1.777 1.099
1.798 4.225 5.000 0.000 0.000 0.005 1.798 1.099
1.819 4.250 5.000 -0.000 0.000 0.005 1.819 1.099
1.840 4.275 5.000 0.000 0.000 0.005 1.840 1.099
1.862 4.300 5.000 0.000 0.000 0.005 1.862 1.099
1.883 4.325 5.000 0.000 0.000 0.005 1.883 1.099
1.905 4.350 5.000 -0.000 0.000 0.005 1.905 1.099
1.927 4.375 5.000 0.000 0.000 0.005 1.927 1.099
1.949 4.400 5.000 0.000 0.000 0.005 1.949 1.099
1.971 4.425 5.000 0.000 0.000 0.005 1.971 1.099
1.993 4.450 5.000 -0.000 0.000 0.005 1.993 1.099
2.016 4.475 5.000 0.000 0.000 0.005 2.016 1.099
2.038 4.500 5.000 -0.000 0.000 0.005 2.038 1.099
2.061 4.525 5.000 0.000 0.000 0.005 2.061 1.099
2.084 4.550 5.000 -0.000 0.000 0.005 2.084 1.099
2.107 4.575 5.000 0.000 0.000 0.005 2.107 1.099
2.130 4.600 5.000 -0.000 0.000 0.005 2.130 1.099
2.153 4.625 5.000 0.000 0.000 0.005 2.153 1.099
2.176 4.650 5.000 0.000 0.000 0.005 2.176 1.099
2.199 4.675 5.000 -0.000 0.000 0.005 2.199 1.099
2.223 4.700 5.000 0.000 0.000 0.005 2.223 1.099
2.246 4.725 5.000 0.000 0.000 0.005 2.246 1.099
2.270 4.750 5.000 0.000 0.000 0.005 2.270 1.099
2.294 4.774 4.875 -25.000 0.000 0.005 2.294 1.099
2.318 4.797 4.625 -50.000 0.000 0.005 2.318 1.099
2.342 4.819 4.375 -50.000 0.000 0.005 2.342 1.099
2.366 4.840 4.125 -50.000 0.000 0.005 2.366 1.099
2.391 4.859 3.875 -50.000 0.000 0.005 2.391 1.099
2.415 4.877 3.625 -50.000 0.000 0.005 2.415 1.099
2.440 4.894 3.375 -50.000 0.000 0.005 2.440 1.099
2.464 4.910 3.125 -50.000 0.000 0.005 2.464 1.099
2.489 4.924 2.875 -50.000 0.000 0.005 2.489 1.099
2.513 4.937 2.625 -50.000 0.000 0.005 2.513 1.099
2.538 4.949 2.375 -50.000 0.000 0.005 2.538 1.099
2.563 4.960 2.125 -50.000 0.000 0.005 2.563 1.099
2.588 4.969 1.875 -50.000 0.000 0.005 2.588 1.099
2.613 4.977 1.625 -50.000 0.000 0.005 2.613 1.099
2.638 4.984 1.375 -50.000 0.000 0.005 2.638 1.099
2.663 4.990 1.125 -50.000 0.000 0.005 2.663 1.099
2.688 4.994 0.875 -50.000 0.000 0.005 2.688 1.099
2.713 4.997 0.625 -50.000 0.000 0.005 2.713 1.099
2.737 4.999 0.375 -50.000 0.000 0.005 2.737 1.099
2.762 5.000 0.125 -50.000 0.000 0.005 2.762 1.099
2.787 5.000 -0.000 -25.000 0.000 0.005 2.787 1.099
2.812 5.000 0.000 0.000 0.000 0.005 2.812 1.099
2.837 5.000 0.000 -0.000 0.000 0.005 2.837 1.099
2.862 5.000 0.000 0.000 0.000 0.005 2.862 1.099
2.887 5.000 -0.000 -0.000 0.000 0.005 2.887 1.099
2.912 5.000 0.000 0.000 0.000 0.005 2.912 1.099
2.937 5.000 0.000 -0.000 0.000 0.005 2.937 1.099
2.962 5.000 0.000 0.000 0.000 0.005 2.962 1.099
2.987 5.000 -0.000 -0.000 0.000 0.005 2.987 1.099
3.012 5.000 0.000 0.000 0.000 0.005 3.012 1.099
3.037 5.000 0.000 -0.000 0.000 0.005 3.037 1.099
3.062 5.000 0.000 0.000 0.000 0.005 3.062 1.099
3.087 5.000 -0.000 -0.000 0.000 0.005 3.087 1.099
3.112 5.000 0.000 0.000 0.000 0.005 3.112 1.099
3.137 5.000 0.000 -0.000 0.000 0.005 3.137 1.099
3.162 5.000 0.000 0.000 0.000 0.005 3.162 1.099
3.187 5.000 -0.000 -0.000 0.000 0.005 3.187 1.099
3.212 5.000 0.000 0.000 0.000 0.005 3.212 1.099
3.237 5.000 0.000 -0.000 0.000 0.005 3.237 1.099
3.262 5.000 0.000 0.000 0.000 0.005 3.262 1.099
3.287 5.000 -0.000 -0.000 0.000 0.005 3.287 1.099
3.312 5.000 0.000 0.000 0.000 0.005 3.312 1.099
3.337 5.000 0.000 -0.000 0.000 0.005 3.337 1.099
3.362 5.000 0.000 0.000 0.000 0.005 3.362 1.099
3.387 5.000 -0.000 -0.000 0.000 0.005 3.387 1.099
3.412 5.000 0.000 0.000 0.000 0.005 3.412 1.099
3.437 5.000 0.000 0.000 0.000 0.005 3.437 1.099
3.462 5.000 0.000 -0.000 0.000 0.005 3.462 1.099
3.487 5.000 0.000 0.000 0.000 0.005 3.487 1.099
3.512 5.000 -0.000 -0.000 0.000 0.005 3.512 1.099
3.537 5.000 0.000 0.000 0.000 0.005 3.537 1.099
3.562 5.000 0.000 -0.000 0.000 0.005 3.562 1.099
3.587 5.000 0.000 0.000 0.000 0.005 3.587 1.099
3.612 5.000 -0.000 -0.000 0.000 0.005 3.612 1.099
3.637 5.000 0.000 0.000 0.000 0.005 3.637 1.099
3.662 5.000 0.000 -0.000 0.000 0.005 3.662 1.099
3.687 5.000 0.000 0.000 0.000 0.005 3.687 1.099
3.712 5.000 -0.000 -0.000 0.000 0.005 3.712 1.099
3.737 5.000 0.000 0.000 0.000 0.005 3.737 1.099
3.762 5.000 0.000 -0.000 0.000 0.005 3.762 1.099
3.787 5.000 0.000 0.000 0.000 0.005 3.787 1.099
3.812 5.000 -0.000 -0.000 0.000 0.005 3.812 1.099
3.837 5.000 0.000 0.000 0.000 0.005 3.837 1.099
3.862 5.000 0.000 -0.000 0.000 0.005 3.862 1.099
3.887 5.000 0.000 0.000 0.000 0.005 3.887 1.099
3.912 5.000 -0.000 -0.000 0.000 0.005 3.912 1.099
3.937 5.000 0.000 0.000 0.000 0.005 3.937 1.099
3.962 5.000 0.000 -0.000 0.000 0.005 3.962 1.099
3.987 5.000 0.000 0.000 0.000 0.005 3.987 1.099
4.012 5.000 -0.000 -0.000 0.000 0.005 4.012 1.099
4.037 5.000 0.000 0.000 0.000 0.005 4.037 1.099
4.062 5.000 0.000 -0.000 0.000 0.005 4.062 1.099
4.087 5.000 0.000 0.000 0.000 0.005 4.087 1.099
4.112 5.000 0.000 0.000 0.000 0.005 4.112 1.099
4.137 5.000 0.000 0.000 0.000 0.005 4.137 1.099
4.162 5.000 0.000 0.000 0.000 0.005 4.162 1.099
4.187 5.000 0.000 0.000 0.000 0.005 4.187 1.099
4.212 5.000 0.000 -0.000 0.000 0.005 4.212 1.099
4.237 5.000 -0.000 -0.000 0.000 0.005 4.237 1.099
4.262 5.000 0.000 0.000 0.000 0.005 4.262 1.099
4.287 5.000 0.000 0.000 0.000 0.005 4.287 1.099
4.312 5.000 0.000 0.000 0.000 0.005 4.312 1.099
4.337 5.000 0.000 0.000 0.000 0.005 4.337 1.099
4.362 5.000 0.000 0.000 0.000 0.005 4.362 1.099
4.387 5.000 -0.000 -0.000 0.000 0.005 4.387 1.099
4.412 5.000 0.000 0.000 0.000 0.005 4.412 1.099
4.437 5.000 0.000 0.000 0.000 0.005 4.437 1.099
4.462 5.000 -0.000 -0.000 0.000 0.005 4.462 1.099
4.487 5.000 -0.000 0.000 0.000 0.005 4.487 1.099
4.512 5.000 0.000 0.000 0.000 0.005 4.512 1.099
4.537 5.000 -0.000 -0.000 0.000 0.005 4.537 1.099
4.562 5.000 0.000 0.000 0.000 0.005 4.562 1.099
4.587 5.000 -0.000 -0.000 0.000 0.005 4.587 1.099
4.612 5.000 0.000 0.000 0.000 0.005 4.612 1.099
4.637 5.000 0.000 0.000 0.000 0.005 4.637 1.099
4.662 5.000 -0.000 -0.000 0.000 0.005 4.662 1.099
4.687 5.000 0.000 0.000 0.000 0.005 4.687 1.099
4.712 5.000 0.000 0.000 0.000 0.005 4.712 1.099
4.737 5.000 0.000 0.000 0.000 0.005 4.737 1.099
4.762 5.000 0.000 0.000 0.000 0.005 4.762 1.099
4.787 5.000 0.000 0.000 0.000 0.005 4.787 1.099
4.812 5.000 -0.000 -0.000 0.000 0.005 4.812 1.099
4.838 5.000 0.000 0.000 0.000 0.005 4.838 1.099
4.863 5.000 -0.000 -0.000 0.000 0.005 4.863 1.099
4.888 5.000 0.000 0.000 0.000 0.005 4.888 1.099
4.913 5.000 0.000 0.000 0.000 0.005 4.913 1.099
4.938 5.000 0.000 0.000 0.000 0.005 4.938 1.099
4.963 5.000 0.000 0.000 0.000 0.005 4.963 1.099
4.988 5.000 0.000 0.000 0.000 0.005 4.988 1.099
5.013 5.000 -0.000 -0.000 0.000 0.005 5.013 1.099
5.038 5.000 -0.000 0.000 0.000 0.005 5.038 1.099
5.063 5.000 0.000 0.000 0.000 0.005 5.063 1.099
5.088 5.000 -0.000 -0.000 0.000 0.005 5.088 1.099
5.113 5.000 0.000 0.000 0.000 0.005 5.113 1.099
5.138 5.000 0.000 0.000 0.000 0.005 5.138 1.099
5.163 5.000 0.000 0.000 0.000 0.005 5.163 1.099
5.188 5.000 0.000 0.000 0.000 0.005 5.188 1.099
5.213 5.000 -0.000 -0.000 0.000 0.005 5.213 1.099
5.238 5.000 -0.000 0.000 0.000 0.005 5.238 1.099
5.263 5.000 0.000 0.000 0.000 0.005 5.263 1.099
5.288 5.000 -0.000 -0.000 0.000 0.005 5.288 1.099
5.313 5.000 0.000 0.000 0.000 0.005 5.313 1.099
5.338 5.000 0.000 0.000 0.000 0.005 5.338 1.099
5.363 5.000 -0.000 -0.000 0.000 0.005 5.363 1.099
5.388 5.000 0.000 0.000 0.000 0.005 5.388 1.099
5.413 5.000 0.000 0.000 0.000 0.005 5.413 1.099
5.438 5.000 -0.000 -0.000 0.000 0.005 5.438 1.099
5.463 5.000 -0.000 0.000 0.000 0.005 5.463 1.099
5.488 5.000 0.000 0.000 0.000 0.005 5.488 1.099
5.513 5.000 -0.000 -0.000 0.000 0.005 5.513 1.099
5.538 5.000 0.000 0.000 0.000 0.005 5.538 1.099
5.563 5.000 -0.000 -0.000 0.000 0.005 5.563 1.099
5.588 5.000 0.000 0.000 0.000 0.005 5.588 1.099
5.612 5.000 -0.083 -16.667 0.000 0.005 5.612 1.099
5.637 4.998 -0.292 -41.667 0.000 0.005 5.637 1.099
5.662 4.995 -0.542 -50.000 0.000 0.005 5.662 1.099
5.687 4.991 -0.792 -50.000 0.000 0.005 5.687 1.099
5.712 4.986 -1.042 -50.000 0.000 0.005 5.712 1.099
5.737 4.980 -1.292 -50.000 0.000 0.005 5.737 1.099
5.762 4.972 -1.542 -50.000 0.000 0.005 5.762 1.099
5.787 4.963 -1.792 -50.000 0.000 0.005 5.787 1.099
5.812 4.953 -2.042 -50.000 0.000 0.005 5.812 1.099
5.836 4.941 -2.292 -50.000 0.000 0.005 5.836 1.099
5.861 4.929 -2.542 -50.000 0.000 0.005 5.861 1.099
5.886 4.915 -2.792 -50.000 0.000 0.005 5.886 1.099
5.910 4.900 -3.042 -50.000 0.000 0.005 5.910 1.099
5.935 4.883 -3.292 -50.000 0.000 0.005 5.935 1.099
5.959 4.865 -3.542 -50.000 0.000 0.005 5.959 1.099
5.983 4.846 -3.792 -50.000 0.000 0.005 5.983 1.099
6.007 4.826 -4.042 -50.000 0.000 0.005 6.007 1.099
6.031 4.805 -4.292 -50.000 0.000 0.005 6.031 1.099
6.055 4.782 -4.542 -50.000 0.000 0.005 6.055 1.099
6.079 4.758 -4.792 -50.000 0.000 0.005 6.079 1.099
6.103 4.733 -4.958 -33.333 0.000 0.005 6.103 1.099
6.126 4.708 -5.000 -8.333 0.000 0.005 6.126 1.099
6.150 4.683 -5.000 0.000 0.000 0.005 6.150 1.099
6.173 4.658 -5.000 0.000 0.000 0.005 6.173 1.099
6.196 4.633 -5.000 -0.000 0.000 0.005 6.196 1.099
6.219 4.608 -5.000 0.000 0.000 0.005 6.219 1.099
6.242 4.583 -5.000 0.000 0.000 0.005 6.242 1.099
6.265 4.558 -5.000 -0.000 0.000 0.005 6.265 1.099
6.287 4.533 -5.000 0.000 0.000 0.005 6.287 1.099
6.310 4.508 -5.000 0.000 0.000 0.005 6.310 1.099
6.332 4.483 -5.000 -0.000 0.000 0.005 6.332 1.099
6.355 4.458 -5.000 0.000 0.000 0.005 6.355 1.099
6.377 4.433 -5.000 -0.000 0.000 0.005 6.377 1.099
6.399 4.408 -5.000 0.000 0.000 0.005 6.399 1.099
6.421 4.383 -5.000 -0.000 0.000 0.005 6.421 1.099
6.443 4.358 -5.000 0.000 0.000 0.005 6.443 1.099
6.464 4.333 -5.000 -0.000 0.000 0.005 6.464 1.099
6.486 4.308 -5.000 0.000 0.000 0.005 6.486 1.099
6.507 4.283 -5.000 -0.000 0.000 0.005 6.507 1.099
6.529 4.258 -5.000 0.000 0.000 0.005 6.529 1.099
6.550 4.233 -5.000 -0.000 0.000 0.005 6.550 1.099
6.571 4.208 -5.000 0.000 0.000 0.005 6.571 1.099
6.592 4.183 -5.000 -0.000 0.000 0.005 6.592 1.099
6.612 4.158 -5.000 0.000 0.000 0.005 6.612 1.099
6.633 4.133 -5.000 -0.000 0.000 0.005 6.633 1.099
6.654 4.108 -5.000 0.000 0.000 0.005 6.654 1.099
6.674 4.083 -5.000 -0.000 0.000 0.005 6.674 1.099
6.694 4.058 -5.000 0.000 0.000 0.005 6.694 1.099
6.715 4.033 -5.000 -0.000 0.000 0.005 6.715 1.099
6.735 4.008 -5.000 0.000 0.000 0.005 6.735 1.099
6.754 3.983 -5.000 -0.000 0.000 0.005 6.754 1.099
6.774 3.958 -5.000 -0.000 0.000 0.005 6.774 1.099
6.794 3.933 -5.000 0.000 0.000 0.005 6.794 1.099
6.813 3.908 -5.000 -0.000 0.000 0.005 6.813 1.099
6.833 3.883 -5.000 0.000 0.000 0.005 6.833 1.099
6.852 3.858 -5.000 -0.000 0.000 0.005 6.852 1.099
6.871 3.833 -5.000 0.000 0.000 0.005 6.871 1.099
6.890 3.808 -5.000 0.000 0.000 0.005 6.890 1.099
6.909 3.783 -5.000 -0.000 0.000 0.005 6.909 1.099
6.928 3.758 -5.000 0.000 0.000 0.005 6.928 1.099
6.947 3.733 -5.000 -0.000 0.000 0.005 6.947 1.099
6.965 3.708 -5.000 0.000 0.000 0.005 6.965 1.099
6.984 3.683 -5.000 -0.000 0.000 0.005 6.984 1.099
7.002 3.658 -5.000 0.000 0.000 0.005 7.002 1.099
7.020 3.633 -5.000 -0.000 0.000 0.005 7.020 1.099
7.038 3.608 -5.000 0.000 0.000 0.005 7.038 1.099
7.056 3.583 -5.000 0.000 0.000 0.005 7.056 1.099
7.074 3.558 -5.000 -0.000 0.000 0.005 7.074 1.099
7.092 3.533 -5.000 0.000 0.000 0.005 7.092 1.099
7.109 3.508 -5.000 -0.000 0.000 0.005 7.109 1.099
7.127 3.483 -5.000 0.000 0.000 0.005 7.127 1.099
7.144 3.458 -5.000 -0.000 0.000 0.005 7.144 1.099
7.161 3.433 -5.000 -0.000 0.000 0.005 7.161 1.099
7.178 3.408 -5.000 0.000 0.000 0.005 7.178 1.099
7.195 3.383 -5.000 0.000 0.000 0.005 7.195 1.099
7.212 3.358 -5.000 0.000 0.000 0.005 7.212 1.099
7.228 3.333 -5.000 -0.000 0.000 0.005 7.228 1.099
7.245 3.308 -5.000 0.000 0.000 0.005 7.245 1.099
7.261 3.283 -5.000 0.000 0.000 0.005 7.261 1.099
7.278 3.258 -5.000 -0.000 0.000 0.005 7.278 1.099
7.294 3.233 -5.000 0.000 0.000 0.005 7.294 1.099
7.310 3.208 -5.000 0.000 0.000 0.005 7.310 1.099
7.326 3.183 -5.000 -0.000 0.000 0.005 7.326 1.099
7.342 3.158 -5.000 0.000 0.000 0.005 7.342 1.099
7.357 3.133 -5.000 -0.000 0.000 0.005 7.357 1.099
7.373 3.108 -5.000 -0.000 0.000 0.005 7.373 1.099
7.388 3.083 -5.000 0.000 0.000 0.005 7.388 1.099
7.404 3.058 -5.000 -0.000 0.000 0.005 7.404 1.099
7.419 3.033 -5.000 -0.000 0.000 0.005 7.419 1.099
7.434 3.008 -5.000 0.000 0.000 0.005 7.434 1.099
7.449 2.983 -5.000 -0.000 0.000 0.005 7.449 1.099
7.463 2.958 -5.000 0.000 0.000 0.005 7.463 1.099
7.478 2.933 -5.000 0.000 0.000 0.005 7.478 1.099
7.493 2.908 -5.000 0.000 0.000 0.005 7.493 1.099
7.507 2.883 -5.000 0.000 0.000 0.005 7.507 1.099
7.521 2.858 -5.000 -0.000 0.000 0.005 7.521 1.099
7.536 2.833 -5.000 0.000 0.000 0.005 7.536 1.099
7.550 2.808 -5.000 -0.000 0.000 0.005 7.550 1.099
7.563 2.783 -5.000 0.000 0.000 0.005 7.563 1.099
7.577 2.758 -5.000 0.000 0.000 0.005 7.577 1.099
7.591 2.733 -5.000 -0.000 0.000 0.005 7.591 1.099
7.604 2.708 -5.000 0.000 0.000 0.005 7.604 1.099
7.618 2.683 -5.000 -0.000 0.000 0.005 7.618 1.099
7.631 2.658 -5.000 0.000 0.000 0.005 7.631 1.099
7.644 2.633 -5.000 0.000 0.000 0.005 7.644 1.099
7.657 2.608 -5.000 -0.000 0.000 0.005 7.657 1.099
7.670 2.583 -5.000 0.000 0.000 0.005 7.670 1.099
7.683 2.558 -5.000 -0.000 0.000 0.005 7.683 1.099
7.696 2.533 -5.000 0.000 0.000 0.005 7.696 1.099
7.708 2.508 -5.000 -0.000 0.000 0.005 7.708 1.099
7.721 2.483 -5.000 -0.000 0.000 0.005 7.721 1.099
7.733 2.458 -5.000 0.000 0.000 0.005 7.733 1.099
7.745 2.433 -5.000 -0.000 0.000 0.005 7.745 1.099
7.757 2.408 -5.000 0.000 0.000 0.005 7.757 1.099
7.769 2.383 -5.000 -0.000 0.000 0.005 7.769 1.099
7.781 2.358 -5.000 0.000 0.000 0.005 7.781 1.099
7.793 2.333 -5.000 -0.000 0.000 0.005 7.793 1.099
7.804 2.308 -5.000 0.000 0.000 0.005 7.804 1.099
7.816 2.283 -5.000 -0.000 0.000 0.005 7.816 1.099
7.827 2.258 -5.000 0.000 0.000 0.005 7.827 1.099
7.838 2.233 -5.000 -0.000 0.000 0.005 7.838 1.099
7.849 2.208 -5.000 0.000 0.000 0.005 7.849 1.099
7.860 2.183 -5.000 0.000 0.000 0.005 7.860 1.099
7.871 2.158 -5.000 0.000 0.000 0.005 7.871 1.099
7.881 2.133 -5.000 -0.000 0.000 0.005 7.881 1.099
7.892 2.108 -5.000 0.000 0.000 0.005 7.892 1.099
7.902 2.083 -5.000 -0.000 0.000 0.005 7.902 1.099
7.913 2.058 -5.000 0.000 0.000 0.005 7.913 1.099
7.923 2.033 -5.000 -0.000 0.000 0.005 7.923 1.099
7.933 2.008 -5.000 0.000 0.000 0.005 7.933 1.099
7.943 1.983 -5.000 0.000 0.000 0.005 7.943 1.099
7.953 1.958 -5.000 0.000 0.000 0.005 7.953 1.099
7.962 1.933 -5.000 -0.000 0.000 0.005 7.962 1.099
7.972 1.908 -5.000 0.000 0.000 0.005 7.972 1.099
7.981 1.883 -5.000 0.000 0.000 0.005 7.981 1.099
7.991 1.858 -5.000 -0.000 0.000 0.005 7.991 1.099
8.000 1.833 -5.000 0.000 0.000 0.005 8.000 1.099
8.009 1.808 -5.000 0.000 0.000 0.005 8.009 1.099
8.018 1.783 -5.000 -0.000 0.000 0.005 8.018 1.099
8.026 1.758 -5.000 0.000 0.000 0.005 8.026 1.099
8.035 1.733 -5.000 -0.000 0.000 0.005 8.035 1.099
8.044 1.708 -5.000 0.000 0.000 0.005 8.044 1.099
8.052 1.683 -5.000 -0.000 0.000 0.005 8.052 1.099
8.060 1.658 -5.000 0.000 0.000 0.005 8.060 1.099
8.069 1.633 -5.000 -0.000 0.000 0.005 8.069 1.099
8.077 1.608 -5.000 0.000 0.000 0.005 8.077 1.099
8.084 1.583 -5.000 -0.000 0.000 0.005 8.084 1.099
8.092 1.558 -5.000 0.000 0.000 0.005 8.092 1.099
8.100 1.533 -5.000 0.000 0.000 0.005 8.100 1.099
8.107 1.508 -5.000 -0.000 0.000 0.005 8.107 1.099
8.115 1.483 -5.000 0.000 0.000 0.005 8.115 1.099
8.122 1.458 -5.000 0.000 0.000 0.005 8.122 1.099
8.129 1.433 -5.000 -0.000 0.000 0.005 8.129 1.099
8.136 1.408 -5.000 0.000 0.000 0.005 8.136 1.099
8.143 1.383 -5.000 0.000 0.000 0.005 8.143 1.099
8.150 1.358 -5.000 -0.000 0.000 0.005 8.150 1.099
8.157 1.333 -5.000 0.000 0.000 0.005 8.157 1.099
8.163 1.308 -5.000 -0.000 0.000 0.005 8.163 1.099
8.170 1.283 -5.000 0.000 0.000 0.005 8.170 1.099
8.176 1.258 -5.000 -0.000 0.000 0.005 8.176 1.099
8.182 1.233 -5.000 0.000 0.000 0.005 8.182 1.099
8.188 1.208 -5.000 0.000 0.000 0.005 8.188 1.099
8.194 1.183 -5.000 -0.000 0.000 0.005 8.194 1.099
8.200 1.158 -5.000 0.000 0.000 0.005 8.200 1.099
8.206 1.133 -5.000 -0.000 0.000 0.005 8.206 1.099
8.211 1.108 -5.000 0.000 0.000 0.005 8.211 1.099
8.217 1.083 -5.000 -0.000 0.000 0.005 8.217 1.099
8.222 1.058 -5.000 0.000 0.000 0.005 8.222 1.099
8.227 1.033 -5.000 -0.000 0.000 0.005 8.227 1.099
8.232 1.008 -5.000 0.000 0.000 0.005 8.232 1.099
8.237 0.983 -5.000 -0.000 0.000 0.005 8.237 1.099
8.242 0.958 -5.000 0.000 0.000 0.005 8.242 1.099
8.246 0.933 -5.000 0.000 0.000 0.005 8.246 1.099
8.251 0.908 -5.000 0.000 0.000 0.005 8.251 1.099
8.255 0.883 -5.000 0.000 0.000 0.005 8.255 1.099
8.260 0.858 -5.000 0.000 0.000 0.005 8.260 1.099
8.264 0.833 -5.000 0.000 0.000 0.005 8.264 1.099
8.268 0.808 -5.000 0.000 0.000 0.005 8.268 1.099
8.272 0.783 -5.000 0.000 0.000 0.005 8.272 1.099
8.276 0.758 -5.000 0.000 0.000 0.005 8.276 1.099
8.279 0.733 -5.000 0.000 0.000 0.005 8.279 1.099
8.283 0.708 -5.000 0.000 0.000 0.005 8.283 1.099
8.286 0.683 -5.000 0.000 0.000 0.005 8.286 1.099
8.290 0.658 -5.000 0.000 0.000 0.005 8.290 1.099
8.293 0.633 -5.000 -0.000 0.000 0.005 8.293 1.099
8.296 0.608 -5.000 0.000 0.000 0.005 8.296 1.099
8.299 0.583 -5.000 0.000 0.000 0.005 8.299 1.099
8.301 0.558 -5.000 -0.000 0.000 0.005 8.301 1.099
8.304 0.533 -5.000 0.000 0.000 0.005 8.304 1.099
8.307 0.508 -5.000 0.000 0.000 0.005 8.307 1.099
8.309 0.483 -5.000 0.000 0.000 0.005 8.309 1.099
8.311 0.458 -5.000 -0.000 0.000 0.005 8.311 1.099
8.314 0.433 -5.000 0.000 0.000 0.005 8.314 1.099
8.316 0.408 -5.000 -0.000 0.000 0.005 8.316 1.099
8.317 0.383 -5.000 0.000 0.000 0.005 8.317 1.099
8.319 0.358 -5.000 0.000 0.000 0.005 8.319 1.099
8.321 0.333 -5.000 -0.000 0.000 0.005 8.321 1.099
8.322 0.308 -5.000 0.000 0.000 0.005 8.322 1.099
8.324 0.283 -5.000 0.000 0.000 0.005 8.324 1.099
8.325 0.258 -5.000 -0.000 0.000 0.005 8.325 1.099
8.326 0.234 -4.917 16.667 0.000 0.005 8.326 1.099
8.327 0.210 -4.708 41.667 0.000 0.005 8.327 1.099
8.328 0.188 -4.458 50.000 0.000 0.005 8.328 1.099
8.329 0.167 -4.208 50.000 0.000 0.005 8.329 1.099
8.330 0.147 -3.958 50.000 0.000 0.005 8.330 1.099
8.331 0.129 -3.708 50.000 0.000 0.005 8.331 1.099
8.331 0.111 -3.458 50.000 0.000 0.005 8.331 1.099
8.332 0.095 -3.208 50.000 0.000 0.005 8.332 1.099
8.332 0.080 -2.958 50.000 0.000 0.005 8.332 1.099
8.332 0.067 -2.708 50.000 0.000 0.005 8.332 1.099
8.333 0.055 -2.458 50.000 0.000 0.005 8.333 1.099
8.333 0.044 -2.208 50.000 0.000 0.005 8.333 1.099
8.333 0.034 -1.958 50.000 0.000 0.005 8.333 1.099
8.333 0.025 -1.708 50.000 0.000 0.005 8.333 1.099
8.333 0.018 -1.458 50.000 0.000 0.005 8.333 1.099
8.333 0.012 -1.208 50.000 0.000 0.005 8.333 1.099
8.333 0.007 -0.958 50.000 0.000 0.005 8.333 1.099
8.333 0.004 -0.708 50.000 0.000 0.005 8.333 1.099
8.333 0.001 -0.458 50.000 0.000 0.005 8.333 1.099
8.333 0.000 -0.208 50.000 0.000 0.005 8.333 1.099
8.333 0.000 -0.042 33.333 0.000 0.005 8.333 1.099
0.000 0.001 0.250 50.000 0.000 0.005 0.000 -1.099
0.000 0.003 0.250 0.000 0.000 0.005 0.000 -1.099
0.000 0.006 0.625 75.000 0.000 0.005 0.000 -1.099
0.000 0.010 0.875 50.000 0.000 0.005 0.000 -1.099
0.000 0.016 1.125 50.000 0.000 0.005 0.000 -1.099
0.000 0.023 1.375 50.000 0.000 0.005 0.000 -1.099
0.000 0.031 1.625 50.000 0.000 0.005 0.000 -1.099
0.001 0.040 1.875 50.000 0.000 0.005 0.001 -1.099
0.001 0.051 2.125 50.000 0.000 0.005 0.001 -1.099
0.001 0.062 2.375 50.000 0.000 0.005 0.001 -1.099
0.002 0.076 2.625 50.000 0.000 0.005 0.002 -1.099
0.002 0.090 2.875 50.000 0.000 0.005 0.002 -1.099
0.003 0.106 3.125 50.000 0.000 0.005 0.003 -1.099
0.003 0.122 3.375 50.000 0.000 0.005 0.003 -1.099
0.004 0.141 3.625 50.000 0.000 0.005 0.004 -1.099
0.005 0.160 3.875 50.000 0.000 0.005 0.005 -1.099
0.006 0.181 4.125 50.000 0.000 0.005 0.006 -1.099
0.007 0.202 4.375 50.000 0.000 0.005 0.007 -1.099
0.008 0.226 4.625 50.000 0.000 0.005 0.008 -1.099
0.009 0.250 4.875 50.000 0.000 0.005 0.009 -1.099
0.010 0.275 5.000 25.000 0.000 0.005 0.010 -1.099
0.012 0.300 5.000 0.000 0.000 0.005 0.012 -1.099
0.013 0.325 5.000 -0.000 0.000 0.005 0.013 -1.099
0.015 0.350 5.000 0.000 0.000 0.005 0.015 -1.099
0.017 0.375 5.000 -0.000 0.000 0.005 0.017 -1.099
0.019 0.400 5.000 -0.000 0.000 0.005 0.019 -1.099
0.021 0.425 5.000 0.000 0.000 0.005 0.021 -1.099
0.023 0.450 5.000 0.000 0.000 0.005 0.023 -1.099
0.026 0.475 5.000 0.000 0.000 0.005 0.026 -1.099
0.028 0.500 5.000 -0.000 0.000 0.005 0.028 -1.099
0.031 0.525 5.000 0.000 0.000 0.005 0.031 -1.099
0.034 0.550 5.000 0.000 0.000 0.005 0.034 -1.099
0.037 0.575 5.000 0.000 0.000 0.005 0.037 -1.099
0.040 0.600 5.000 -0.000 0.000 0.005 0.040 -1.099
0.043 0.625 5.000 0.000 0.000 0.005 0.043 -1.099
0.046 0.650 5.000 -0.000 0.000 0.005 0.046 -1.099
0.049 0.675 5.000 0.000 0.000 0.005 0.049 -1.099
0.053 0.700 5.000 -0.000 0.000 0.005 0.053 -1.099
0.056 0.725 5.000 0.000 0.000 0.005 0.056 -1.099
0.060 0.750 5.000 0.000 0.000 0.005 0.060 -1.099
0.064 0.775 5.000 -0.000 0.000 0.005 0.064 -1.099
0.068 0.800 5.000 -0.000 0.000 0.005 0.068 -1.099
0.072 0.825 5.000 0.000 0.000 0.005 0.072 -1.099
0.076 0.850 5.000 0.000 0.000 0.005 0.076 -1.099
0.081 0.875 5.000 -0.000 0.000 0.005 0.081 -1.099
0.085 0.900 5.000 0.000 0.000 0.005 0.085 -1.099
0.090 0.925 5.000 -0.000 0.000 0.005 0.090 -1.099
0.095 0.950 5.000 0.000 0.000 0.005 0.095 -1.099
0.100 0.975 5.000 0.000 0.000 0.005 0.100 -1.099
0.105 1.000 5.000 -0.000 0.000 0.005 0.105 -1.099
0.110 1.025 5.000 0.000 0.000 0.005 0.110 -1.099
0.115 1.050 5.000 -0.000 0.000 0.005 0.115 -1.099
0.120 1.075 5.000 0.000 0.000 0.005 0.120 -1.099
0.126 1.100 5.000 -0.000 0.000 0.005 0.126 -1.099
0.131 1.125 5.000 0.000 0.000 0.005 0.131 -1.099
0.137 1.150 5.000 0.000 0.000 0.005 0.137 -1.099
0.143 1.175 5.000 0.000 0.000 0.005 0.143 -1.099
0.149 1.200 5.000 -0.000 0.000 0.005 0.149 -1.099
0.155 1.225 5.000 0.000 0.000 0.005 0.155 -1.099
0.161 1.250 5.000 0.000 0.000 0.005 0.161 -1.099
0.168 1.275 5.000 0.000 0.000 0.005 0.168 -1.099
0.174 1.300 5.000 -0.000 0.000 0.005 0.174 -1.099
0.181 1.325 5.000 0.000 0.000 0.005 0.181 -1.099
0.188 1.350 5.000 0.000 0.000 0.005 0.188 -1.099
0.195 1.375 5.000 -0.000 0.000 0.005 0.195 -1.099
0.202 1.400 5.000 0.000 0.000 0.005 0.202 -1.099
0.209 1.425 5.000 -0.000 0.000 0.005 0.209 -1.099
0.216 1.450 5.000 0.000 0.000 0.005 0.216 -1.099
0.223 1.475 5.000 0.000 0.000 0.005 0.223 -1.099
0.231 1.500 5.000 -0.000 0.000 0.005 0.231 -1.099
0.238 1.525 5.000 0.000 0.000 0.005 0.238 -1.099
0.246 1.550 5.000 0.000 0.000 0.005 0.246 -1.099
0.254 1.575 5.000 -0.000 0.000 0.005 0.254 -1.099
0.262 1.600 5.000 -0.000 0.000 0.005 0.262 -1.099
0.270 1.625 5.000 -0.000 0.000 0.005 0.270 -1.099
0.278 1.650 5.000 0.000 0.000 0.005 0.278 -1.099
0.287 1.675 5.000 0.000 0.000 0.005 0.287 -1.099
0.295 1.700 5.000 -0.000 0.000 0.005 0.295 -1.099
0.304 1.725 5.000 0.000 0.000 0.005 0.304 -1.099
0.313 1.750 5.000 -0.000 0.000 0.005 0.313 -1.099
0.322 1.775 5.000 0.000 0.000 0.005 0.322 -1.099
0.331 1.800 5.000 -0.000 0.000 0.005 0.331 -1.099
0.340 1.825 5.000 0.000 0.000 0.005 0.340 -1.099
0.349 1.850 5.000 -0.000 0.000 0.005 0.349 -1.099
0.358 1.875 5.000 0.000 0.000 0.005 0.358 -1.099
0.368 1.900 5.000 0.000 0.000 0.005 0.368 -1.099
0.377 1.925 5.000 -0.000 0.000 0.005 0.377 -1.099
0.387 1.950 5.000 0.000 0.000 0.005 0.387 -1.099
0.397 1.975 5.000 0.000 0.000 0.005 0.397 -1.099
0.407 2.000 5.000 -0.000 0.000 0.005 0.407 -1.099
0.417 2.025 5.000 0.000 0.000 0.005 0.417 -1.099
0.427 2.050 5.000 -0.000 0.000 0.005 0.427 -1.099
0.438 2.075 5.000 0.000 0.000 0.005 0.438 -1.099
0.448 2.100 5.000 -0.000 0.000 0.005 0.448 -1.099
0.459 2.125 5.000 0.000 0.000 0.005 0.459 -1.099
0.470 2.150 5.000 0.000 0.000 0.005 0.470 -1.099
0.481 2.175 5.000 -0.000 0.000 0.005 0.481 -1.099
0.492 2.200 5.000 0.000 0.000 0.005 0.492 -1.099
0.503 2.225 5.000 -0.000 0.000 0.005 0.503 -1.099
0.514 2.250 5.000 0.000 0.000 0.005 0.514 -1.099
0.525 2.275 5.000 0.000 0.000 0.005 0.525 -1.099
0.537 2.300 5.000 0.000 0.000 0.005 0.537 -1.099
0.548 2.325 5.000 -0.000 0.000 0.005 0.548 -1.099
0.560 2.350 5.000 -0.000 0.000 0.005 0.560 -1.099
0.572 2.375 5.000 0.000 0.000 0.005 0.572 -1.099
0.584 2.400 5.000 0.000 0.000 0.005 0.584 -1.099
0.596 2.425 5.000 -0.000 0.000 0.005 0.596 -1.099
0.608 2.450 5.000 0.000 0.000 0.005 0.608 -1.099
0.621 2.475 5.000 0.000 0.000 0.005 0.621 -1.099
0.633 2.500 5.000 -0.000 0.000 0.005 0.633 -1.099
0.646 2.525 5.000 0.000 0.000 0.005 0.646 -1.099
0.659 2.550 5.000 -0.000 0.000 0.005 0.659 -1.099
0.672 2.575 5.000 0.000 0.000 0.005 0.672 -1.099
0.685 2.600 5.000 0.000 0.000 0.005 0.685 -1.099
0.698 2.625 5.000 -0.000 0.000 0.005 0.698 -1.099
0.711 2.650 5.000 0.000 0.000 0.005 0.711 -1.099
0.724 2.675 5.000 0.000 0.000 0.005 0.724 -1.099
0.738 2.700 5.000 -0.000 0.000 0.005 0.738 -1.099
0.751 2.725 5.000 -0.000 0.000 0.005 0.751 -1.099
0.765 2.750 5.000 0.000 0.000 0.005 0.765 -1.099
0.779 2.775 5.000 -0.000 0.000 0.005 0.779 -1.099
0.793 2.800 5.000 0.000 0.000 0.005 0.793 -1.099
0.807 2.825 5.000 -0.000 0.000 0.005 0.807 -1.099
0.821 2.850 5.000 0.000 0.000 0.005 0.821 -1.099
0.836 2.875 5.000 -0.000 0.000 0.005 0.836 -1.099
0.850 2.900 5.000 0.000 0.000 0.005 0.850 -1.099
0.865 2.925 5.000 0.000 0.000 0.005 0.865 -1.099
0.880 2.950 5.000 -0.000 0.000 0.005 0.880 -1.099
0.895 2.975 5.000 0.000 0.000 0.005 0.895 -1.099
0.910 3.000 5.000 0.000 0.000 0.005 0.910 -1.099
0.925 3.025 5.000 -0.000 0.000 0.005 0.925 -1.099
0.940 3.050 5.000 -0.000 0.000 0.005 0.940 -1.099
0.955 3.075 5.000 0.000 0.000 0.005 0.955 -1.099
0.971 3.100 5.000 -0.000 0.000 0.005 0.971 -1.099
0.986 3.125 5.000 0.000 0.000 0.005 0.986 -1.099
1.002 3.150 5.000 0.000 0.000 0.005 1.002 -1.099
1.018 3.175 5.000 0.000 0.000 0.005 1.018 -1.099
1.034 3.200 5.000 -0.000 0.000 0.005 1.034 -1.099
1.050 3.225 5.000 -0.000 0.000 0.005 1.050 -1.099
1.066 3.250 5.000 0.000 0.000 0.005 1.066 -1.099
1.083 3.275 5.000 0.000 0.000 0.005 1.083 -1.099
1.099 3.300 5.000 0.000 0.000 0.005 1.099 -1.099
1.116 3.325 5.000 0.000 0.000 0.005 1.116 -1.099
1.133 3.350 5.000 -0.000 0.000 0.005 1.133 -1.099
1.150 3.375 5.000 0.000 0.000 0.005 1.150 -1.099
1.167 3.400 5.000 0.000 0.000 0.005 1.167 -1.099
1.184 3.425 5.000 -0.000 0.000 0.005 1.184 -1.099
1.201 3.450 5.000 0.000 0.000 0.005 1.201 -1.099
1.218 3.475 5.000 0.000 0.000 0.005 1.218 -1.099
1.236 3.500 5.000 -0.000 0.000 0.005 1.236 -1.099
1.253 3.525 5.000 0.000 0.000 0.005 1.253 -1.099
1.271 3.550 5.000 -0.000 0.000 0.005 1.271 -1.099
1.289 3.575 5.000 0.000 0.000 0.005 1.289 -1.099
1.307 3.600 5.000 -0.000 0.000 0.005 1.307 -1.099
1.325 3.625 5.000 0.000 0.000 0.005 1.325 -1.099
1.343 3.650 5.000 -0.000 0.000 0.005 1.343 -1.099
1.362 3.675 5.000 0.000 0.000 0.005 1.362 -1.099
1.380 3.700 5.000 0.000 0.000 0.005 1.380 -1.099
1.399 3.725 5.000 0.000 0.000 0.005 1.399 -1.099
1.418 3.750 5.000 -0.000 0.000 0.005 1.418 -1.099
1.437 3.775 5.000 0.000 0.000 0.005 1.437 -1.099
1.456 3.800 5.000 0.000 0.000 0.005 1.456 -1.099
1.475 3.825 5.000 -0.000 0.000 0.005 1.475 -1.099
1.494 3.850 5.000 0.000 0.000 0.005 1.494 -1.099
1.513 3.875 5.000 -0.000 0.000 0.005 1.513 -1.099
1.533 3.900 5.000 0.000 0.000 0.005 1.533 -1.099
1.552 3.925 5.000 0.000 0.000 0.005 1.552 -1.099
1.572 3.950 5.000 -0.000 0.000 0.005 1.572 -1.099
1.592 3.975 5.000 0.000 0.000 0.005 1.592 -1.099
1.612 4.000 5.000 -0.000 0.000 0.005 1.612 -1.099
1.632 4.025 5.000 0.000 0.000 0.005 1.632 -1.099
1.652 4.050 5.000 0.000 0.000 0.005 1.652 -1.099
1.673 4.075 5.000 -0.000 0.000 0.005 1.673 -1.099
1.693 4.100 5.000 0.000 0.000 0.005 1.693 -1.099
1.714 4.125 5.000 0.000 0.000 0.005 1.714 -1.099
1.735 4.150 5.000 0.000 0.000 0.005 1.735 -1.099
1.756 4.175 5.000 -0.000 0.000 0.005 1.756 -1.099
1.777 4.200 5.000 -0.000 0.000 0.005 1.777 -1.099
1.798 4.225 5.000 0.000 0.000 0.005 1.798 -1.099
1.819 4.250 5.000 -0.000 0.000 0.005 1.819 -1.099
1.840 4.275 5.000 0.000 0.000 0.005 1.840 -1.099
1.862 4.300 5.000 0.000 0.000 0.005 1.862 -1.099
1.883 4.325 5.000 0.000 0.000 0.005 1.883 -1.099
1.905 4.350 5.000 -0.000 0.000 0.005 1.905 -1.099
1.927 4.375 5.000 0.000 0.000 0.005 1.927 -1.099
1.949 4.400 5.000 0.000 0.000 0.005 1.949 -1.099
1.971 4.425 5.000 0.000 0.000 0.005 1.971 -1.099
1.993 4.450 5.000 -0.000 0.000 0.005 1.993 -1.099
2.016 4.475 5.000 0.000 0.000 0.005 2.016 -1.099
2.038 4.500 5.000 -0.000 0.000 0.005 2.038 -1.099
2.061 4.525 5.000 0.000 0.000 0.005 2.061 -1.099
2.084 4.550 5.000 -0.000 0.000 0.005 2.084 -1.099
2.107 4.575 5.000 0.000 0.000 0.005 2.107 -1.099
2.130 4.600 5.000 -0.000 0.000 0.005 2.130 -1.099
2.153 4.625 5.000 0.000 0.000 0.005 2.153 -1.099
2.176 4.650 5.000 0.000 0.000 0.005 2.176 -1.099
2.199 4.675 5.000 -0.000 0.000 0.005 2.199 -1.099
2.223 4.700 5.000 0.000 0.000 0.005 2.223 -1.099
2.246 4.725 5.000 0.000 0.000 0.005 2.246 -1.099
2.270 4.750 5.000 0.000 0.000 0.005 2.270 -1.099
2.294 4.774 4.875 -25.000 0.000 0.005 2.294 -1.099
2.318 4.797 4.625 -50.000 0.000 0.005 2.318 -1.099
2.342 4.819 4.375 -50.000 0.000 0.005 2.342 -1.099
2.366 4.840 4.125 -50.000 0.000 0.005 2.366 -1.099
2.391 4.859 3.875 -50.000 0.000 0.005 2.391 -1.099
2.415 4.877 3.625 -50.000 0.000 0.005 2.415 -1.099
2.440 4.894 3.375 -50.000 0.000 0.005 2.440 -1.099
2.464 4.910 3.125 -50.000 0.000 0.005 2.464 -1.099
2.489 4.924 2.875 -50.000 0.000 0.005 2.489 -1.099
2.513 4.937 2.625 -50.000 0.000 0.005 2.513 -1.099
2.538 4.949 2.375 -50.000 0.000 0.005 2.538 -1.099
2.563 4.960 2.125 -50.000 0.000 0.005 2.563 -1.099
2.588 4.969 1.875 -50.000 0.000 0.005 2.588 -1.099
2.613 4.977 1.625 -50.000 0.000 0.005 2.613 -1.099
2.638 4.984 1.375 -50.000 0.000 0.005 2.638 -1.099
2.663 4.990 1.125 -50.000 0.000 0.005 2.663 -1.099
2.688 4.994 0.875 -50.000 0.000 0.005 2.688 -1.099
2.713 4.997 0.625 -50.000 0.000 0.005 2.713 -1.099
2.737 4.999 0.375 -50.000 0.000 0.005 2.737 -1.099
2.762 5.000 0.125 -50.000 0.000 0.005 2.762 -1.099
2.787 5.000 -0.000 -25.000 0.000 0.005 2.787 -1.099
2.812 5.000 0.000 0.000 0.000 0.005 2.812 -1.099
2.837 5.000 0.000 -0.000 0.000 0.005 2.837 -1.099
2.862 5.000 0.000 0.000 0.000 0.005 2.862 -1.099
2.887 5.000 -0.000 -0.000 0.000 0.005 2.887 -1.099
2.912 5.000 0.000 0.000 0.000 0.005 2.912 -1.099
2.937 5.000 0.000 -0.000 0.000 0.005 2.937 -1.099
2.962 5.000 0.000 0.000 0.000 0.005 2.962 -1.099
2.987 5.000 -0.000 -0.000 0.000 0.005 2.987 -1.099
3.012 5.000 0.000 0.000 0.000 0.005 3.012 -1.099
3.037 5.000 0.000 -0.000 0.000 0.005 3.037 -1.099
3.062 5.000 0.000 0.000 0.000 0.005 3.062 -1.099
3.087 5.000 -0.000 -0.000 0.000 0.005 3.087 -1.099
3.112 5.000 0.000 0.000 0.000 0.005 3.112 -1.099
3.137 5.000 0.000 -0.000 0.000 0.005 3.137 -1.099
3.162 5.000 0.000 0.000 0.000 0.005 3.162 -1.099
3.187 5.000 -0.000 -0.000 0.000 0.005 3.187 -1.099
3.212 5.000 0.000 0.000 0.000 0.005 3.212 -1.099
3.237 5.000 0.000 -0.000 0.000 0.005 3.237 -1.099
3.262 5.000 0.000 0.000 0.000 0.005 3.262 -1.099
3.287 5.000 -0.000 -0.000 0.000 0.005 3.287 -1.099
3.312 5.000 0.000 0.000 0.000 0.005 3.312 -1.099
3.337 5.000 0.000 -0.000 0.000 0.005 3.337 -1.099
3.362 5.000 0.000 0.000 0.000 0.005 3.362 -1.099
3.387 5.000 -0.000 -0.000 0.000 0.005 3.387 -1.099
3.412 5.000 0.000 0.000 0.000 0.005 3.412 -1.099
3.437 5.000 0.000 0.000 0.000 0.005 3.437 -1.099
3.462 5.000 0.000 -0.000 0.000 0.005 3.462 -1.099
3.487 5.000 0.000 0.000 0.000 0.005 3.487 -1.099
3.512 5.000 -0.000 -0.000 0.000 0.005 3.512 -1.099
3.537 5.000 0.000 0.000 0.000 0.005 3.537 -1.099
3.562 5.000 0.000 -0.000 0.000 0.005 3.562 -1.099
3.587 5.000 0.000 0.000 0.000 0.005 3.587 -1.099
3.612 5.000 -0.000 -0.000 0.000 0.005 3.612 -1.099
3.637 5.000 0.000 0.000 0.000 0.005 3.637 -1.099
3.662 5.000 0.000 -0.000 0.000 0.005 3.662 -1.099
3.687 5.000 0.000 0.000 0.000 0.005 3.687 -1.099
3.712 5.000 -0.000 -0.000 0.000 0.005 3.712 -1.099
3.737 5.000 0.000 0.000 0.000 0.005 3.737 -1.099
3.762 5.000 0.000 -0.000 0.000 0.005 3.762 -1.099
3.787 5.000 0.000 0.000 0.000 0.005 3.787 -1.099
3.812 5.000 -0.000 -0.000 0.000 0.005 3.812 -1.099
3.837 5.000 0.000 0.000 0.000 0.005 3.837 -1.099
3.862 5.000 0.000 -0.000 0.000 0.005 3.862 -1.099
3.887 5.000 0.000 0.000 0.000 0.005 3.887 -1.099
3.912 5.000 -0.000 -0.000 0.000 0.005 3.912 -1.099
3.937 5.000 0.000 0.000 0.000 0.005 3.937 -1.099
3.962 5.000 0.000 -0.000 0.000 0.005 3.962 -1.099
3.987 5.000 0.000 0.000 0.000 0.005 3.987 -1.099
4.012 5.000 -0.000 -0.000 0.000 0.005 4.012 -1.099
4.037 5.000 0.000 0.000 0.000 0.005 4.037 -1.099
4.062 5.000 0.000 -0.000 0.000 0.005 4.062 -1.099
4.087 5.000 0.000 0.000 0.000 0.005 4.087 -1.099
4.112 5.000 0.000 0.000 0.000 0.005 4.112 -1.099
4.137 5.000 0.000 0.000 0.000 0.005 4.137 -1.099
4.162 5.000 0.000 0.000 0.000 0.005 4.162 -1.099
4.187 5.000 0.000 0.000 0.000 0.005 4.187 -1.099
4.212 5.000 0.000 -0.000 0.000 0.005 4.212 -1.099
4.237 5.000 -0.000 -0.000 0.000 0.005 4.237 -1.099
4.262 5.000 0.000 0.000 0.000 0.005 4.262 -1.099
4.287 5.000 0.000 0.000 0.000 0.005 4.287 -1.099
4.312 5.000 0.000 0.000 0.000 0.005 4.312 -1.099
4.337 5.000 0.000 0.000 0.000 0.005 4.337 -1.099
4.362 5.000 0.000 0.000 0.000 0.005 4.362 -1.099
4.387 5.000 -0.000 -0.000 0.000 0.005 4.387 -1.099
4.412 5.000 0.000 0.000 0.000 0.005 4.412 -1.099
4.437 5.000 0.000 0.000 0.000 0.005 4.437 -1.099
4.462 5.000 -0.000 -0.000 0.000 0.005 4.462 -1.099
4.487 5.000 -0.000 0.000 0.000 0.005 4.487 -1.099
4.512 5.000 0.000 0.000 0.000 0.005 4.512 -1.099
4.537 5.000 -0.000 -0.000 0.000 0.005 4.537 -1.099
4.562 5.000 0.000 0.000 0.000 0.005 4.562 -1.099
4.587 5.000 -0.000 -0.000 0.000 0.005 4.587 -1.099
4.612 5.000 0.000 0.000 0.000 0.005 4.612 -1.099
4.637 5.000 0.000 0.000 0.000 0.005 4.637 -1.099
4.662 5.000 -0.000 -0.000 0.000 0.005 4.662 -1.099
4.687 5.000 0.000 0.000 0.000 0.005 4.687 -1.099
4.712 5.000 0.000 0.000 0.000 0.005 4.712 -1.099
4.737 5.000 0.000 0.000 0.000 0.005 4.737 -1.099
4.762 5.000 0.000 0.000 0.000 0.005 4.762 -1.099
4.787 5.000 0.000 0.000 0.000 0.005 4.787 -1.099
4.812 5.000 -0.000 -0.000 0.000 0.005 4.812 -1.099
4.838 5.000 0.000 0.000 0.000 0.005 4.838 -1.099
4.863 5.000 -0.000 -0.000 0.000 0.005 4.863 -1.099
4.888 5.000 0.000 0.000 0.000 0.005 4.888 -1.099
4.913 5.000 0.000 0.000 0.000 0.005 4.913 -1.099
4.938 5.000 0.000 0.000 0.000 0.005 4.938 -1.099
4.963 5.000 0.000 0.000 0.000 0.005 4.963 -1.099
4.988 5.000 0.000 0.000 0.000 0.005 4.988 -1.099
5.013 5.000 -0.000 -0.000 0.000 0.005 5.013 -1.099
5.038 5.000 -0.000 0.000 0.000 0.005 5.038 -1.099
5.063 5.000 0.000 0.000 0.000 0.005 5.063 -1.099
5.088 5.000 -0.000 -0.000 0.000 0.005 5.088 -1.099
5.113 5.000 0.000 0.000 0.000 0.005 5.113 -1.099
5.138 5.000 0.000 0.000 0.000 0.005 5.138 -1.099
5.163 5.000 0.000 0.000 0.000 0.005 5.163 -1.099
5.188 5.000 0.000 0.000 0.000 0.005 5.188 -1.099
5.213 5.000 -0.000 -0.000 0.000 0.005 5.213 -1.099
5.238 5.000 -0.000 0.000 0.000 0.005 5.238 -1.099
5.263 5.000 0.000 0.000 0.000 0.005 5.263 -1.099
5.288 5.000 -0.000 -0.000 0.000 0.005 5.288 -1.099
5.313 5.000 0.000 0.000 0.000 0.005 5.313 -1.099
5.338 5.000 0.000 0.000 0.000 0.005 5.338 -1.099
5.363 5.000 -0.000 -0.000 0.000 0.005 5.363 -1.099
5.388 5.000 0.000 0.000 0.000 0.005 5.388 -1.099
5.413 5.000 0.000 0.000 0.000 0.005 5.413 -1.099
5.438 5.000 -0.000 -0.000 0.000 0.005 5.438 -1.099
5.463 5.000 -0.000 0.000 0.000 0.005 5.463 -1.099
5.488 5.000 0.000 0.000 0.000 0.005 5.488 -1.099
5.513 5.000 -0.000 -0.000 0.000 0.005 5.513 -1.099
5.538 5.000 0.000 0.000 0.000 0.005 5.538 -1.099
5.563 5.000 -0.000 -0.000 0.000 0.005 5.563 -1.099
5.588 5.000 0.000 0.000 0.000 0.005 5.588 -1.099
5.612 5.000 -0.083 -16.667 0.000 0.005 5.612 -1.099
5.637 4.998 -0.292 -41.667 0.000 0.005 5.637 -1.099
5.662 4.995 -0.542 -50.000 0.000 0.005 5.662 -1.099
5.687 4.991 -0.792 -50.000 0.000 0.005 5.687 -1.099
5.712 4.986 -1.042 -50.000 0.000 0.005 5.712 -1.099
5.737 4.980 -1.292 -50.000 0.000 0.005 5.737 -1.099
5.762 4.972 -1.542 -50.000 0.000 0.005 5.762 -1.099
5.787 4.963 -1.792 -50.000 0.000 0.005 5.787 -1.099
5.812 4.953 -2.042 -50.000 0.000 0.005 5.812 -1.099
5.836 4.941 -2.292 -50.000 0.000 0.005 5.836 -1.099
5.861 4.929 -2.542 -50.000 0.000 0.005 5.861 -1.099
5.886 4.915 -2.792 -50.000 0.000 0.005 5.886 -1.099
5.910 4.900 -3.042 -50.000 0.000 0.005 5.910 -1.099
5.935 4.883 -3.292 -50.000 0.000 0.005 5.935 -1.099
5.959 4.865 -3.542 -50.000 0.000 0.005 5.959 -1.099
5.983 4.846 -3.792 -50.000 0.000 0.005 5.983 -1.099
6.007 4.826 -4.042 -50.000 0.000 0.005 6.007 -1.099
6.031 4.805 -4.292 -50.000 0.000 0.005 6.031 -1.099
6.055 4.782 -4.542 -50.000 0.000 0.005 6.055 -1.099
6.079 4.758 -4.792 -50.000 0.000 0.005 6.079 -1.099
6.103 4.733 -4.958 -33.333 0.000 0.005 6.103 -1.099
6.126 4.708 -5.000 -8.333 0.000 0.005 6.126 -1.099
6.150 4.683 -5.000 0.000 0.000 0.005 6.150 -1.099
6.173 4.658 -5.000 0.000 0.000 0.005 6.173 -1.099
6.196 4.633 -5.000 -0.000 0.000 0.005 6.196 -1.099
6.219 4.608 -5.000 0.000 0.000 0.005 6.219 -1.099
6.242 4.583 -5.000 0.000 0.000 0.005 6.242 -1.099
6.265 4.558 -5.000 -0.000 0.000 0.005 6.265 -1.099
6.287 4.533 -5.000 0.000 0.000 0.005 6.287 -1.099
6.310 4.508 -5.000 0.000 0.000 0.005 6.310 -1.099
6.332 4.483 -5.000 -0.000 0.000 0.005 6.332 -1.099
6.355 4.458 -5.000 0.000 0.000 0.005 6.355 -1.099
6.377 4.433 -5.000 -0.000 0.000 0.005 6.377 -1.099
6.399 4.408 -5.000 0.000 0.000 0.005 6.399 -1.099
6.421 4.383 -5.000 -0.000 0.000 0.005 6.421 -1.099
6.443 4.358 -5.000 0.000 0.000 0.005 6.443 -1.099
6.464 4.333 -5.000 -0.000 0.000 0.005 6.464 -1.099
6.486 4.308 -5.000 0.000 0.000 0.005 6.486 -1.099
6.507 4.283 -5.000 -0.000 0.000 0.005 6.507 -1.099
6.529 4.258 -5.000 0.000 0.000 0.005 6.529 -1.099
6.550 4.233 -5.000 -0.000 0.000 0.005 6.550 -1.099
6.571 4.208 -5.000 0.000 0.000 0.005 6.571 -1.099
6.592 4.183 -5.000 -0.000 0.000 0.005 6.592 -1.099
6.612 4.158 -5.000 0.000 0.000 0.005 6.612 -1.099
6.633 4.133 -5.000 -0.000 0.000 0.005 6.633 -1.099
6.654 4.108 -5.000 0.000 0.000 0.005 6.654 -1.099
6.674 4.083 -5.000 -0.000 0.000 0.005 6.674 -1.099
6.694 4.058 -5.000 0.000 0.000 0.005 6.694 -1.099
6.715 4.033 -5.000 -0.000 0.000 0.005 6.715 -1.099
6.735 4.008 -5.000 0.000 0.000 0.005 6.735 -1.099
6.754 3.983 -5.000 -0.000 0.000 0.005 6.754 -1.099
6.774 3.958 -5.000 -0.000 0.000 0.005 6.774 -1.099
6.794 3.933 -5.000 0.000 0.000 0.005 6.794 -1.099
6.813 3.908 -5.000 -0.000 0.000 0.005 6.813 -1.099
6.833 3.883 -5.000 0.000 0.000 0.005 6.833 -1.099
6.852 3.858 -5.000 -0.000 0.000 0.005 6.852 -1.099
6.871 3.833 -5.000 0.000 0.000 0.005 6.871 -1.099
6.890 3.808 -5.000 0.000 0.000 0.005 6.890 -1.099
6.909 3.783 -5.000 -0.000 0.000 0.005 6.909 -1.099
6.928 3.758 -5.000 0.000 0.000 0.005 6.928 -1.099
6.947 3.733 -5.000 -0.000 0.000 0.005 6.947 -1.099
6.965 3.708 -5.000 0.000 0.000 0.005 6.965 -1.099
6.984 3.683 -5.000 -0.000 0.000 0.005 6.984 -1.099
7.002 3.658 -5.000 0.000 0.000 0.005 7.002 -1.099
7.020 3.633 -5.000 -0.000 0.000 0.005 7.020 -1.099
7.038 3.608 -5.000 0.000 0.000 0.005 7.038 -1.099
7.056 3.583 -5.000 0.000 0.000 0.005 7.056 -1.099
7.074 3.558 -5.000 -0.000 0.000 0.005 7.074 -1.099
7.092 3.533 -5.000 0.000 0.000 0.005 7.092 -1.099
7.109 3.508 -5.000 -0.000 0.000 0.005 7.109 -1.099
7.127 3.483 -5.000 0.000 0.000 0.005 7.127 -1.099
7.144 3.458 -5.000 -0.000 0.000 0.005 7.144 -1.099
7.161 3.433 -5.000 -0.000 0.000 0.005 7.161 -1.099
7.178 3.408 -5.000 0.000 0.000 0.005 7.178 -1.099
7.195 3.383 -5.000 0.000 0.000 0.005 7.195 -1.099
7.212 3.358 -5.000 0.000 0.000 0.005 7.212 -1.099
7.228 3.333 -5.000 -0.000 0.000 0.005 7.228 -1.099
7.245 3.308 -5.000 0.000 0.000 0.005 7.245 -1.099
7.261 3.283 -5.000 0.000 0.000 0.005 7.261 -1.099
7.278 3.258 -5.000 -0.000 0.000 0.005 7.278 -1.099
7.294 3.233 -5.000 0.000 0.000 0.005 7.294 -1.099
7.310 3.208 -5.000 0.000 0.000 0.005 7.310 -1.099
7.326 3.183 -5.000 -0.000 0.000 0.005 7.326 -1.099
7.342 3.158 -5.000 0.000 0.000 0.005 7.342 -1.099
7.357 3.133 -5.000 -0.000 0.000 0.005 7.357 -1.099
7.373 3.108 -5.000 -0.000 0.000 0.005 7.373 -1.099
7.388 3.083 -5.000 0.000 0.000 0.005 7.388 -1.099
7.404 3.058 -5.000 -0.000 0.000 0.005 7.404 -1.099
7.419 3.033 -5.000 -0.000 0.000 0.005 7.419 -1.099
7.434 3.008 -5.000 0.000 0.000 0.005 7.434 -1.099
7.449 2.983 -5.000 -0.000 0.000 0.005 7.449 -1.099
7.463 2.958 -5.000 0.000 0.000 0.005 7.463 -1.099
7.478 2.933 -5.000 0.000 0.000 0.005 7.478 -1.099
7.493 2.908 -5.000 0.000 0.000 0.005 7.493 -1.099
7.507 2.883 -5.000 0.000 0.000 0.005 7.507 -1.099
7.521 2.858 -5.000 -0.000 0.000 0.005 7.521 -1.099
7.536 2.833 -5.000 0.000 0.000 0.005 7.536 -1.099
7.550 2.808 -5.000 -0.000 0.000 0.005 7.550 -1.099
7.563 2.783 -5.000 0.000 0.000 0.005 7.563 -1.099
7.577 2.758 -5.000 0.000 0.000 0.005 7.577 -1.099
7.591 2.733 -5.000 -0.000 0.000 0.005 7.591 -1.099
7.604 2.708 -5.000 0.000 0.000 0.005 7.604 -1.099
7.618 2.683 -5.000 -0.000 0.000 0.005 7.618 -1.099
7.631 2.658 -5.000 0.000 0.000 0.005 7.631 -1.099
7.644 2.633 -5.000 0.000 0.000 0.005 7.644 -1.099
7.657 2.608 -5.000 -0.000 0.000 0.005 7.657 -1.099
7.670 2.583 -5.000 0.000 0.000 0.005 7.670 -1.099
7.683 2.558 -5.000 -0.000 0.000 0.005 7.683 -1.099
7.696 2.533 -5.000 0.000 0.000 0.005 7.696 -1.099
7.708 2.508 -5.000 -0.000 0.000 0.005 7.708 -1.099
7.721 2.483 -5.000 -0.000 0.000 0.005 7.721 -1.099
7.733 2.458 -5.000 0.000 0.000 0.005 7.733 -1.099
7.745 2.433 -5.000 -0.000 0.000 0.005 7.745 -1.099
7.757 2.408 -5.000 0.000 0.000 0.005 7.757 -1.099
7.769 2.383 -5.000 -0.000 0.000 0.005 7.769 -1.099
7.781 2.358 -5.000 0.000 0.000 0.005 7.781 -1.099
7.793 2.333 -5.000 -0.000 0.000 0.005 7.793 -1.099
7.804 2.308 -5.000 0.000 0.000 0.005 7.804 -1.099
7.816 2.283 -5.000 -0.000 0.000 0.005 7.816 -1.099
7.827 2.258 -5.000 0.000 0.000 0.005 7.827 -1.099
7.838 2.233 -5.000 -0.000 0.000 0.005 7.838 -1.099
7.849 2.208 -5.000 0.000 0.000 0.005 7.849 -1.099
7.860 2.183 -5.000 0.000 0.000 0.005 7.860 -1.099
7.871 2.158 -5.000 0.000 0.000 0.005 7.871 -1.099
7.881 2.133 -5.000 -0.000 0.000 0.005 7.881 -1.099
7.892 2.108 -5.000 0.000 0.000 0.005 7.892 -1.099
7.902 2.083 -5.000 -0.000 0.000 0.005 7.902 -1.099
7.913 2.058 -5.000 0.000 0.000 0.005 7.913 -1.099
7.923 2.033 -5.000 -0.000 0.000 0.005 7.923 -1.099
7.933 2.008 -5.000 0.000 0.000 0.005 7.933 -1.099
7.943 1.983 -5.000 0.000 0.000 0.005 7.943 -1.099
7.953 1.958 -5.000 0.000 0.000 0.005 7.953 -1.099
7.962 1.933 -5.000 -0.000 0.000 0.005 7.962 -1.099
7.972 1.908 -5.000 0.000 0.000 0.005 7.972 -1.099
7.981 1.883 -5.000 0.000 0.000 0.005 7.981 -1.099
7.991 1.858 -5.000 -0.000 0.000 0.005 7.991 -1.099
8.000 1.833 -5.000 0.000 0.000 0.005 8.000 -1.099
8.009 1.808 -5.000 0.000 0.000 0.005 8.009 -1.099
8.018 1.783 -5.000 -0.000 0.000 0.005 8.018 -1.099
8.026 1.758 -5.000 0.000 0.000 0.005 8.026 -1.099
8.035 1.733 -5.000 -0.000 0.000 0.005 8.035 -1.099
8.044 1.708 -5.000 0.000 0.000 0.005 8.044 -1.099
8.052 1.683 -5.000 -0.000 0.000 0.005 8.052 -1.099
8.060 1.658 -5.000 0.000 0.000 0.005 8.060 -1.099
8.069 1.633 -5.000 -0.000 0.000 0.005 8.069 -1.099
8.077 1.608 -5.000 0.000 0.000 0.005 8.077 -1.099
8.084 1.583 -5.000 -0.000 0.000 0.005 8.084 -1.099
8.092 1.558 -5.000 0.000 0.000 0.005 8.092 -1.099
8.100 1.533 -5.000 0.000 0.000 0.005 8.100 -1.099
8.107 1.508 -5.000 -0.000 0.000 0.005 8.107 -1.099
8.115 1.483 -5.000 0.000 0.000 0.005 8.115 -1.099
8.122 1.458 -5.000 0.000 0.000 0.005 8.122 -1.099
8.129 1.433 -5.000 -0.000 0.000 0.005 8.129 -1.099
8.136 1.408 -5.000 0.000 0.000 0.005 8.136 -1.099
8.143 1.383 -5.000 0.000 0.000 0.005 8.143 -1.099
8.150 1.358 -5.000 -0.000 0.000 0.005 8.150 -1.099
8.157 1.333 -5.000 0.000 0.000 0.005 8.157 -1.099
8.163 1.308 -5.000 -0.000 0.000 0.005 8.163 -1.099
8.170 1.283 -5.000 0.000 0.000 0.005 8.170 -1.099
8.176 1.258 -5.000 -0.000 0.000 0.005 8.176 -1.099
8.182 1.233 -5.000 0.000 0.000 0.005 8.182 -1.099
8.188 1.208 -5.000 0.000 0.000 0.005 8.188 -1.099
8.194 1.183 -5.000 -0.000 0.000 0.005 8.194 -1.099
8.200 1.158 -5.000 0.000 0.000 0.005 8.200 -1.099
8.206 1.133 -5.000 -0.000 0.000 0.005 8.206 -1.099
8.211 1.108 -5.000 0.000 0.000 0.005 8.211 -1.099
8.217 1.083 -5.000 -0.000 0.000 0.005 8.217 -1.099
8.222 1.058 -5.000 0.000 0.000 0.005 8.222 -1.099
8.227 1.033 -5.000 -0.000 0.000 0.005 8.227 -1.099
8.232 1.008 -5.000 0.000 0.000 0.005 8.232 -1.099
8.237 0.983 -5.000 -0.000 0.000 0.005 8.237 -1.099
8.242 0.958 -5.000 0.000 0.000 0.005 8.242 -1.099
8.246 0.933 -5.000 0.000 0.000 0.005 8.246 -1.099
8.251 0.908 -5.000 0.000 0.000 0.005 8.251 -1.099
8.255 0.883 -5.000 0.000 0.000 0.005 8.255 -1.099
8.260 0.858 -5.000 0.000 0.000 0.005 8.260 -1.099
8.264 0.833 -5.000 0.000 0.000 0.005 8.264 -1.099
8.268 0.808 -5.000 0.000 0.000 0.005 8.268 -1.099
8.272 0.783 -5.000 0.000 0.000 0.005 8.272 -1.099
8.276 0.758 -5.000 0.000 0.000 0.005 8.276 -1.099
8.279 0.733 -5.000 0.000 0.000 0.005 8.279 -1.099
8.283 0.708 -5.000 0.000 0.000 0.005 8.283 -1.099
8.286 0.683 -5.000 0.000 0.000 0.005 8.286 -1.099
8.290 0.658 -5.000 0.000 0.000 0.005 8.290 -1.099
8.293 0.633 -5.000 -0.000 0.000 0.005 8.293 -1.099
8.296 0.608 -5.000 0.000 0.000 0.005 8.296 -1.099
8.299 0.583 -5.000 0.000 0.000 0.005 8.299 -1.099
8.301 0.558 -5.000 -0.000 0.000 0.005 8.301 -1.099
8.304 0.533 -5.000 0.000 0.000 0.005 8.304 -1.099
8.307 0.508 -5.000 0.000 0.000 0.005 8.307 -1.099
8.309 0.483 -5.000 0.000 0.000 0.005 8.309 -1.099
8.311 0.458 -5.000 -0.000 0.000 0.005 8.311 -1.099
8.314 0.433 -5.000 0.000 0.000 0.005 8.314 -1.099
8.316 0.408 -5.000 -0.000 0.000 0.005 8.316 -1.099
8.317 0.383 -5.000 0.000 0.000 0.005 8.317 -1.099
8.319 0.358 -5.000 0.000 0.000 0.005 8.319 -1.099
8.321 0.333 -5.000 -0.000 0.000 0.005 8.321 -1.099
8.322 0.308 -5.000 0.000 0.000 0.005 8.322 -1.099
8.324 0.283 -5.000 0.000 0.000 0.005 8.324 -1.099
8.325 0.258 -5.000 -0.000 0.000 0.005 8.325 -1.099
8.326 0.234 -4.917 16.667 0.000 0.005 8.326 -1.099
8.327 0.210 -4.708 41.667 0.000 0.005 8.327 -1.099
8.328 0.188 -4.458 50.000 0.000 0.005 8.328 -1.099
8.329 0.167 -4.208 50.000 0.000 0.005 8.329 -1.099
8.330 0.147 -3.958 50.000 0.000 0.005 8.330 -1.099
8.331 0.129 -3.708 50.000 0.000 0.005 8.331 -1.099
8.331 0.111 -3.458 50.000 0.000 0.005 8.331 -1.099
8.332 0.095 -3.208 50.000 0.000 0.005 8.332 -1.099
8.332 0.080 -2.958 50.000 0.000 0.005 8.332 -1.099
8.332 0.067 -2.708 50.000 0.000 0.005 8.332 -1.099
8.333 0.055 -2.458 50.000 0.000 0.005 8.333 -1.099
8.333 0.044 -2.208 50.000 0.000 0.005 8.333 -1.099
8.333 0.034 -1.958 50.000 0.000 0.005 8.333 -1.099
8.333 0.025 -1.708 50.000 0.000 0.005 8.333 -1.099
8.333 0.018 -1.458 50.000 0.000 0.005 8.333 -1.099
8.333 0.012 -1.208 50.000 0.000 0.005 8.333 -1.099
8.333 0.007 -0.958 50.000 0.000 0.005 8.333 -1.099
8.333 0.004 -0.708 50.000 0.000 0.005 8.333 -1.099
8.333 0.001 -0.458 50.000 0.000 0.005 8.333 -1.099
8.333 0.000 -0.208 50.000 0.000 0.005 8.333 -1.099
8.333 0.000 -0.042 33.333 0.000 0.005 8.333 -1.099
