BlueBoiler
167
0.000 0.020 1.000 50.000 6.283 0.020 0.000 1.099
0.001 0.040 1.000 0.004 6.283 0.020 0.001 1.099
0.003 0.090 2.500 75.019 6.283 0.020 0.003 1.099
0.006 0.160 3.502 50.060 6.283 0.020 0.006 1.099
0.011 0.250 4.504 50.137 6.283 0.020 0.011 1.099
0.018 0.350 5.009 25.236 6.283 0.020 0.018 1.099
0.027 0.451 5.016 0.324 6.283 0.020 0.027 1.099
0.038 0.551 5.024 0.414 6.283 0.020 0.038 1.099
0.051 0.652 5.034 0.504 6.283 0.020 0.051 1.099
0.066 0.753 5.046 0.592 6.283 0.020 0.066 1.099
0.083 0.854 5.059 0.679 6.283 0.020 0.083 1.099
0.102 0.955 5.075 0.763 6.283 0.020 0.102 1.099
0.123 1.057 5.092 0.846 6.283 0.020 0.123 1.099
0.147 1.159 5.110 0.927 6.283 0.020 0.147 1.099
0.172 1.262 5.130 1.006 6.282 0.020 0.172 1.099
0.199 1.365 5.152 1.083 6.282 0.020 0.199 1.099
0.229 1.469 5.175 1.158 6.282 0.020 0.229 1.099
0.260 1.573 5.200 1.231 6.281 0.020 0.260 1.099
0.294 1.677 5.226 1.302 6.281 0.020 0.294 1.099
0.329 1.782 5.253 1.371 6.280 0.020 0.329 1.099
0.367 1.888 5.282 1.439 6.280 0.020 0.367 1.099
0.407 1.994 5.312 1.506 6.279 0.020 0.407 1.098
0.449 2.101 5.343 1.572 6.278 0.020 0.449 1.098
0.493 2.208 5.376 1.637 6.277 0.020 0.493 1.098
0.539 2.317 5.410 1.702 6.276 0.020 0.539 1.098
0.588 2.426 5.446 1.767 6.274 0.020 0.588 1.097
0.639 2.535 5.482 1.832 6.273 0.020 0.639 1.097
0.691 2.646 5.520 1.898 6.271 0.020 0.691 1.096
0.747 2.757 5.559 1.965 6.269 0.020 0.747 1.095
0.804 2.869 5.600 2.034 6.267 0.020 0.804 1.094
0.864 2.982 5.642 2.104 6.264 0.020 0.864 1.093
0.926 3.095 5.686 2.177 6.262 0.020 0.925 1.092
0.990 3.210 5.731 2.252 6.259 0.020 0.990 1.091
1.056 3.325 5.777 2.330 6.256 0.020 1.056 1.089
1.125 3.442 5.826 2.411 6.252 0.020 1.125 1.087
1.196 3.560 5.876 2.495 6.248 0.020 1.196 1.085
1.270 3.678 5.927 2.582 6.244 0.020 1.270 1.082
1.346 3.798 5.981 2.673 6.240 0.020 1.346 1.079
1.424 3.918 6.036 2.767 6.235 0.020 1.424 1.075
1.505 4.040 6.093 2.863 6.230 0.020 1.504 1.071
1.588 4.163 6.152 2.961 6.224 0.020 1.588 1.066
1.674 4.288 6.214 3.060 6.218 0.020 1.673 1.061
1.762 4.413 6.277 3.159 6.211 0.020 1.761 1.055
1.853 4.540 6.342 3.256 6.204 0.020 1.852 1.048
1.946 4.668 6.409 3.350 6.196 0.020 1.945 1.040
2.042 4.798 6.478 3.438 6.188 0.020 2.040 1.032
2.141 4.929 6.548 3.516 6.180 0.020 2.138 1.022
2.242 5.061 6.620 3.582 6.170 0.020 2.239 1.011
2.346 5.195 6.692 3.630 6.160 0.020 2.342 0.999
2.453 5.330 6.765 3.655 6.150 0.020 2.448 0.985
2.562 5.456 6.274 -24.592 6.139 0.020 2.556 0.970
2.673 5.560 5.203 -53.522 6.127 0.020 2.666 0.953
2.786 5.642 4.110 -54.655 6.114 0.020 2.777 0.935
2.900 5.702 2.993 -55.845 6.101 0.020 2.890 0.915
3.015 5.739 1.852 -57.071 6.088 0.020 3.002 0.894
3.130 5.764 1.263 -29.428 6.074 0.020 3.115 0.870
3.246 5.789 1.240 -1.160 6.060 0.020 3.228 0.846
3.362 5.813 1.212 -1.416 6.045 0.020 3.342 0.819
3.479 5.837 1.178 -1.692 6.030 0.020 3.455 0.791
3.596 5.859 1.138 -1.986 6.014 0.020 3.568 0.760
3.713 5.881 1.092 -2.296 5.998 0.020 3.681 0.728
3.832 5.902 1.040 -2.617 5.982 0.020 3.794 0.694
3.950 5.922 0.981 -2.946 5.965 0.020 3.907 0.658
4.069 5.940 0.915 -3.277 5.948 0.020 4.019 0.620
4.188 5.957 0.843 -3.605 5.930 0.020 4.132 0.580
4.307 5.972 0.765 -3.923 5.913 0.020 4.243 0.537
4.427 5.986 0.680 -4.225 5.895 0.020 4.354 0.493
4.547 5.998 0.590 -4.505 5.876 0.020 4.465 0.446
4.667 6.007 0.495 -4.757 5.858 0.020 4.575 0.398
4.787 6.015 0.395 -4.973 5.840 0.020 4.684 0.347
4.908 6.021 0.292 -5.150 5.821 0.020 4.792 0.295
5.028 6.025 0.187 -5.281 5.802 0.020 4.900 0.240
5.149 6.027 0.080 -5.364 5.784 0.020 5.006 0.183
5.269 6.026 -0.028 -5.396 5.765 0.020 5.111 0.124
5.390 6.023 -0.136 -5.376 5.746 0.020 5.215 0.064
5.510 6.018 -0.242 -5.304 5.728 0.020 5.318 0.001
5.630 6.011 -0.346 -5.182 5.709 0.020 5.420 -0.063
5.751 6.003 -0.446 -5.012 5.691 0.020 5.520 -0.129
5.870 5.992 -0.542 -4.800 5.673 0.020 5.619 -0.197
5.990 5.979 -0.633 -4.548 5.655 0.020 5.716 -0.266
6.109 5.965 -0.718 -4.264 5.638 0.020 5.812 -0.337
6.228 5.949 -0.797 -3.953 5.621 0.020 5.907 -0.410
6.347 5.931 -0.870 -3.621 5.604 0.020 6.000 -0.483
6.465 5.913 -0.935 -3.276 5.587 0.020 6.091 -0.558
6.583 5.893 -0.994 -2.923 5.571 0.020 6.181 -0.635
6.700 5.872 -1.045 -2.568 5.555 0.020 6.269 -0.712
6.817 5.850 -1.089 -2.217 5.539 0.020 6.356 -0.791
6.934 5.828 -1.127 -1.873 5.524 0.020 6.441 -0.870
7.050 5.804 -1.158 -1.542 5.510 0.020 6.525 -0.951
7.166 5.781 -1.182 -1.227 5.495 0.020 6.607 -1.032
7.281 5.757 -1.201 -0.929 5.482 0.020 6.687 -1.114
7.395 5.733 -1.214 -0.652 5.468 0.020 6.767 -1.197
7.510 5.708 -1.222 -0.395 5.455 0.020 6.844 -1.281
7.623 5.684 -1.225 -0.161 5.443 0.020 6.921 -1.365
7.736 5.659 -1.224 0.052 5.431 0.020 6.996 -1.450
7.849 5.635 -1.219 0.243 5.419 0.020 7.069 -1.535
7.961 5.611 -1.211 0.413 5.408 0.020 7.142 -1.621
8.073 5.587 -1.199 0.563 5.398 0.020 7.213 -1.707
8.184 5.563 -1.186 0.693 5.387 0.020 7.283 -1.793
8.295 5.539 -1.169 0.806 5.378 0.020 7.352 -1.880
8.405 5.516 -1.151 0.903 5.368 0.020 7.419 -1.967
8.515 5.494 -1.132 0.984 5.359 0.020 7.486 -2.055
8.625 5.472 -1.111 1.051 5.351 0.020 7.552 -2.142
8.734 5.450 -1.089 1.107 5.342 0.020 7.616 -2.230
8.842 5.428 -1.065 1.151 5.335 0.020 7.680 -2.318
8.950 5.408 -1.042 1.186 5.327 0.020 7.743 -2.406
9.058 5.387 -1.018 1.212 5.320 0.020 7.804 -2.495
9.166 5.367 -0.993 1.232 5.314 0.020 7.865 -2.583
9.273 5.348 -0.968 1.245 5.307 0.020 7.926 -2.671
9.379 5.329 -0.943 1.253 5.301 0.020 7.985 -2.760
9.485 5.311 -0.918 1.257 5.296 0.020 8.044 -2.848
9.591 5.289 -1.088 -8.525 5.290 0.020 8.102 -2.937
9.696 5.253 -1.783 -34.737 5.285 0.020 8.159 -3.025
9.800 5.197 -2.800 -50.827 5.281 0.020 8.215 -3.112
9.903 5.121 -3.804 -50.226 5.276 0.020 8.270 -3.199
10.003 5.025 -4.798 -49.687 5.272 0.020 8.324 -3.284
10.101 4.914 -5.589 -39.576 5.269 0.020 8.376 -3.367
10.197 4.797 -5.856 -13.308 5.265 0.020 8.426 -3.449
10.291 4.681 -5.796 2.998 5.262 0.020 8.475 -3.528
10.382 4.566 -5.739 2.830 5.259 0.020 8.523 -3.606
10.471 4.452 -5.686 2.669 5.257 0.020 8.569 -3.683
10.558 4.339 -5.635 2.516 5.255 0.020 8.614 -3.757
10.643 4.228 -5.588 2.370 5.253 0.020 8.657 -3.829
10.725 4.117 -5.543 2.231 5.251 0.020 8.700 -3.900
10.805 4.007 -5.501 2.098 5.249 0.020 8.741 -3.969
10.883 3.898 -5.462 1.972 5.247 0.020 8.780 -4.036
10.959 3.789 -5.425 1.851 5.246 0.020 8.819 -4.101
11.032 3.681 -5.390 1.737 5.245 0.020 8.856 -4.164
11.104 3.574 -5.358 1.627 5.244 0.020 8.893 -4.226
11.173 3.468 -5.327 1.523 5.243 0.020 8.928 -4.286
11.240 3.362 -5.299 1.423 5.242 0.020 8.962 -4.344
11.306 3.256 -5.272 1.328 5.241 0.020 8.995 -4.400
11.369 3.151 -5.247 1.238 5.240 0.020 9.026 -4.455
11.430 3.047 -5.224 1.152 5.240 0.020 9.057 -4.507
11.488 2.943 -5.203 1.070 5.239 0.020 9.087 -4.558
11.545 2.839 -5.183 0.992 5.239 0.020 9.115 -4.607
11.600 2.736 -5.165 0.917 5.238 0.020 9.143 -4.654
11.653 2.633 -5.148 0.847 5.238 0.020 9.169 -4.700
11.703 2.530 -5.132 0.780 5.238 0.020 9.195 -4.744
11.752 2.428 -5.118 0.717 5.237 0.020 9.219 -4.786
11.798 2.326 -5.105 0.657 5.237 0.020 9.242 -4.826
11.843 2.224 -5.093 0.601 5.237 0.020 9.264 -4.865
11.885 2.122 -5.082 0.548 5.237 0.020 9.286 -4.901
11.926 2.021 -5.072 0.498 5.237 0.020 9.306 -4.936
11.964 1.919 -5.063 0.452 5.236 0.020 9.325 -4.969
12.000 1.818 -5.055 0.408 5.236 0.020 9.343 -5.001
12.035 1.717 -5.047 0.368 5.236 0.020 9.360 -5.031
12.067 1.617 -5.041 0.330 5.236 0.020 9.377 -5.059
12.097 1.516 -5.035 0.295 5.236 0.020 9.392 -5.085
12.126 1.415 -5.029 0.263 5.236 0.020 9.406 -5.109
12.152 1.315 -5.025 0.234 5.236 0.020 9.419 -5.132
12.176 1.214 -5.021 0.206 5.236 0.020 9.431 -5.153
12.198 1.114 -5.017 0.181 5.236 0.020 9.442 -5.173
12.219 1.014 -5.014 0.158 5.236 0.020 9.453 -5.190
12.237 0.914 -5.011 0.138 5.236 0.020 9.462 -5.206
12.253 0.813 -5.009 0.119 5.236 0.020 9.470 -5.220
12.268 0.713 -5.007 0.101 5.236 0.020 9.477 -5.232
12.280 0.613 -5.005 0.085 5.236 0.020 9.483 -5.243
12.290 0.513 -5.004 0.071 5.236 0.020 9.488 -5.252
12.298 0.413 -5.002 0.057 5.236 0.020 9.492 -5.259
12.305 0.313 -5.001 0.045 5.236 0.020 9.495 -5.264
12.309 0.217 -4.816 9.290 5.236 0.020 9.498 -5.268
12.312 0.134 -4.130 34.279 5.236 0.020 9.499 -5.271
12.313 0.071 -3.130 50.012 5.236 0.020 9.500 -5.272
12.314 0.029 -2.130 50.005 5.236 0.020 9.500 -5.272
12.314 0.006 -1.130 50.001 5.236 0.020 9.500 -5.272
12.314 0.000 -0.315 40.744 5.236 0.020 9.500 -5.272
0.000 0.020 1.000 50.000 6.283 0.020 0.000 -1.099
0.001 0.040 1.000 -0.004 6.283 0.020 0.001 -1.099
0.003 0.090 2.500 74.981 6.283 0.020 0.003 -1.099
0.006 0.160 3.498 49.940 6.283 0.020 0.006 -1.099
0.011 0.250 4.496 49.863 6.283 0.020 0.011 -1.099
0.018 0.350 4.991 24.764 6.283 0.020 0.018 -1.099
0.027 0.449 4.984 -0.324 6.283 0.020 0.027 -1.099
0.038 0.549 4.976 -0.414 6.283 0.020 0.038 -1.099
0.051 0.648 4.966 -0.504 6.283 0.020 0.051 -1.099
0.066 0.747 4.954 -0.592 6.283 0.020 0.066 -1.099
0.083 0.846 4.941 -0.679 6.283 0.020 0.083 -1.099
0.102 0.945 4.925 -0.763 6.283 0.020 0.102 -1.099
0.123 1.043 4.908 -0.846 6.283 0.020 0.123 -1.099
0.145 1.141 4.890 -0.927 6.283 0.020 0.145 -1.099
0.170 1.238 4.870 -1.006 6.282 0.020 0.170 -1.099
0.197 1.335 4.848 -1.083 6.282 0.020 0.197 -1.099
0.225 1.431 4.825 -1.158 6.282 0.020 0.225 -1.099
0.256 1.527 4.800 -1.231 6.281 0.020 0.256 -1.099
0.288 1.623 4.774 -1.302 6.281 0.020 0.288 -1.099
0.323 1.718 4.747 -1.371 6.280 0.020 0.323 -1.099
0.359 1.812 4.718 -1.439 6.280 0.020 0.359 -1.099
0.397 1.906 4.688 -1.506 6.279 0.020 0.397 -1.100
0.437 1.999 4.657 -1.572 6.278 0.020 0.437 -1.100
0.479 2.092 4.624 -1.637 6.277 0.020 0.479 -1.100
0.523 2.183 4.590 -1.702 6.276 0.020 0.523 -1.100
0.568 2.274 4.554 -1.767 6.274 0.020 0.568 -1.101
0.615 2.365 4.518 -1.832 6.273 0.020 0.615 -1.101
0.665 2.454 4.480 -1.898 6.271 0.020 0.665 -1.102
0.715 2.543 4.441 -1.965 6.269 0.020 0.715 -1.102
0.768 2.631 4.400 -2.034 6.267 0.020 0.768 -1.103
0.822 2.718 4.358 -2.104 6.264 0.020 0.822 -1.104
0.878 2.805 4.314 -2.177 6.262 0.020 0.878 -1.105
0.936 2.890 4.269 -2.252 6.259 0.020 0.936 -1.107
0.996 2.975 4.223 -2.330 6.256 0.020 0.996 -1.108
1.057 3.058 4.174 -2.411 6.252 0.020 1.057 -1.110
1.120 3.140 4.124 -2.495 6.248 0.020 1.120 -1.112
1.184 3.222 4.073 -2.583 6.244 0.020 1.184 -1.114
1.250 3.302 4.019 -2.673 6.240 0.020 1.250 -1.117
1.318 3.382 3.964 -2.767 6.235 0.020 1.318 -1.120
1.387 3.460 3.907 -2.863 6.230 0.020 1.387 -1.124
1.458 3.537 3.847 -2.961 6.224 0.020 1.457 -1.128
1.530 3.612 3.786 -3.060 6.218 0.020 1.529 -1.132
1.604 3.687 3.723 -3.160 6.211 0.020 1.603 -1.137
1.679 3.760 3.658 -3.257 6.204 0.020 1.678 -1.143
1.756 3.832 3.591 -3.351 6.196 0.020 1.754 -1.149
1.834 3.902 3.522 -3.439 6.188 0.020 1.832 -1.156
1.913 3.971 3.452 -3.518 6.180 0.020 1.911 -1.164
1.994 4.039 3.380 -3.583 6.170 0.020 1.991 -1.173
2.076 4.105 3.307 -3.632 6.160 0.020 2.073 -1.183
2.159 4.170 3.234 -3.657 6.150 0.020 2.156 -1.193
2.244 4.224 2.726 -25.409 6.139 0.020 2.239 -1.205
2.329 4.260 1.797 -46.479 6.127 0.020 2.324 -1.218
2.415 4.278 0.890 -45.344 6.114 0.020 2.408 -1.232
2.500 4.278 0.007 -44.154 6.101 0.020 2.492 -1.247
2.585 4.261 -0.852 -42.927 6.088 0.020 2.576 -1.262
2.670 4.236 -1.263 -20.571 6.074 0.020 2.659 -1.280
2.754 4.211 -1.240 1.160 6.060 0.020 2.741 -1.298
2.838 4.187 -1.212 1.416 6.045 0.020 2.823 -1.317
2.921 4.163 -1.178 1.692 6.030 0.020 2.903 -1.337
3.004 4.140 -1.138 1.986 6.014 0.020 2.983 -1.358
3.087 4.119 -1.092 2.296 5.998 0.020 3.063 -1.381
3.168 4.098 -1.040 2.618 5.982 0.020 3.141 -1.405
3.250 4.078 -0.981 2.947 5.965 0.020 3.219 -1.430
3.331 4.060 -0.915 3.278 5.948 0.020 3.296 -1.456
3.412 4.043 -0.843 3.606 5.930 0.020 3.372 -1.483
3.493 4.028 -0.765 3.924 5.913 0.020 3.447 -1.511
3.573 4.014 -0.680 4.226 5.895 0.020 3.522 -1.541
3.653 4.002 -0.590 4.507 5.876 0.020 3.596 -1.572
3.733 3.992 -0.495 4.758 5.858 0.020 3.669 -1.604
3.813 3.985 -0.396 4.975 5.840 0.020 3.741 -1.638
3.892 3.979 -0.293 5.151 5.821 0.020 3.812 -1.673
3.972 3.975 -0.187 5.283 5.802 0.020 3.883 -1.709
4.051 3.973 -0.080 5.365 5.784 0.020 3.953 -1.746
4.131 3.974 0.028 5.398 5.765 0.020 4.023 -1.785
4.210 3.977 0.136 5.377 5.746 0.020 4.091 -1.825
4.290 3.981 0.242 5.306 5.728 0.020 4.160 -1.866
4.369 3.988 0.346 5.183 5.709 0.020 4.227 -1.909
4.449 3.997 0.446 5.014 5.691 0.020 4.294 -1.953
4.530 4.008 0.542 4.801 5.673 0.020 4.360 -1.998
4.610 4.021 0.633 4.549 5.655 0.020 4.425 -2.045
4.691 4.035 0.718 4.265 5.638 0.020 4.490 -2.093
4.772 4.051 0.797 3.953 5.621 0.020 4.554 -2.142
4.853 4.069 0.870 3.622 5.604 0.020 4.618 -2.193
4.935 4.087 0.935 3.276 5.587 0.020 4.681 -2.245
5.017 4.107 0.994 2.923 5.571 0.020 4.744 -2.298
5.100 4.128 1.045 2.568 5.555 0.020 4.806 -2.353
5.183 4.150 1.089 2.217 5.539 0.020 4.867 -2.408
5.266 4.172 1.127 1.874 5.524 0.020 4.928 -2.465
5.350 4.195 1.158 1.542 5.510 0.020 4.989 -2.523
5.434 4.219 1.182 1.227 5.495 0.020 5.049 -2.583
5.519 4.243 1.201 0.929 5.482 0.020 5.108 -2.643
5.604 4.267 1.214 0.651 5.468 0.020 5.167 -2.705
5.690 4.292 1.222 0.395 5.455 0.020 5.226 -2.768
5.777 4.316 1.225 0.160 5.443 0.020 5.284 -2.832
5.863 4.341 1.224 -0.053 5.431 0.020 5.341 -2.897
5.951 4.365 1.219 -0.244 5.419 0.020 5.398 -2.963
6.039 4.389 1.211 -0.414 5.408 0.020 5.455 -3.030
6.127 4.413 1.200 -0.563 5.398 0.020 5.511 -3.098
6.216 4.437 1.186 -0.694 5.387 0.020 5.567 -3.167
6.305 4.461 1.170 -0.807 5.378 0.020 5.622 -3.237
6.394 4.484 1.152 -0.903 5.368 0.020 5.677 -3.308
6.485 4.506 1.132 -0.984 5.359 0.020 5.732 -3.379
6.575 4.528 1.111 -1.052 5.351 0.020 5.786 -3.452
6.666 4.550 1.089 -1.107 5.342 0.020 5.840 -3.525
6.758 4.571 1.066 -1.151 5.335 0.020 5.894 -3.599
6.849 4.592 1.042 -1.186 5.327 0.020 5.947 -3.674
6.942 4.613 1.018 -1.213 5.320 0.020 6.000 -3.750
7.034 4.633 0.993 -1.232 5.314 0.020 6.053 -3.826
7.127 4.652 0.968 -1.245 5.307 0.020 6.105 -3.903
7.221 4.671 0.943 -1.253 5.301 0.020 6.157 -3.980
7.315 4.689 0.918 -1.257 5.296 0.020 6.209 -4.058
7.409 4.703 0.718 -9.988 5.290 0.020 6.261 -4.137
7.503 4.704 0.043 -33.777 5.285 0.020 6.312 -4.216
7.596 4.686 -0.941 -49.173 5.281 0.020 6.362 -4.295
7.689 4.647 -1.936 -49.774 5.276 0.020 6.412 -4.373
7.781 4.588 -2.943 -50.313 5.272 0.020 6.461 -4.451
7.871 4.512 -3.781 -41.911 5.269 0.020 6.509 -4.528
7.960 4.429 -4.144 -18.179 5.265 0.020 6.556 -4.603
8.047 4.345 -4.204 -2.999 5.262 0.020 6.601 -4.677
8.132 4.260 -4.261 -2.830 5.259 0.020 6.646 -4.750
8.216 4.174 -4.314 -2.669 5.257 0.020 6.689 -4.821
8.297 4.087 -4.365 -2.516 5.255 0.020 6.731 -4.891
8.377 3.998 -4.412 -2.370 5.253 0.020 6.772 -4.960
8.455 3.909 -4.457 -2.231 5.251 0.020 6.812 -5.027
8.532 3.819 -4.499 -2.098 5.249 0.020 6.852 -5.092
8.606 3.728 -4.538 -1.972 5.247 0.020 6.890 -5.156
8.679 3.637 -4.575 -1.852 5.246 0.020 6.927 -5.219
8.750 3.545 -4.610 -1.737 5.245 0.020 6.963 -5.280
8.819 3.452 -4.642 -1.627 5.244 0.020 6.998 -5.340
8.886 3.358 -4.673 -1.523 5.243 0.020 7.032 -5.397
8.952 3.264 -4.701 -1.423 5.242 0.020 7.065 -5.454
9.015 3.170 -4.728 -1.328 5.241 0.020 7.097 -5.509
9.076 3.075 -4.753 -1.238 5.240 0.020 7.128 -5.562
9.136 2.979 -4.776 -1.152 5.240 0.020 7.158 -5.613
9.194 2.883 -4.797 -1.070 5.239 0.020 7.187 -5.663
9.249 2.787 -4.817 -0.992 5.239 0.020 7.215 -5.711
9.303 2.690 -4.835 -0.917 5.238 0.020 7.242 -5.758
9.355 2.593 -4.852 -0.847 5.238 0.020 7.268 -5.803
9.405 2.496 -4.868 -0.780 5.238 0.020 7.293 -5.846
9.453 2.398 -4.882 -0.717 5.237 0.020 7.317 -5.887
9.499 2.300 -4.895 -0.657 5.237 0.020 7.340 -5.927
9.543 2.202 -4.907 -0.601 5.237 0.020 7.362 -5.965
9.585 2.104 -4.918 -0.548 5.237 0.020 7.383 -6.002
9.625 2.005 -4.928 -0.498 5.237 0.020 7.403 -6.036
9.663 1.907 -4.937 -0.452 5.236 0.020 7.422 -6.069
9.699 1.808 -4.945 -0.408 5.236 0.020 7.440 -6.101
9.734 1.709 -4.953 -0.368 5.236 0.020 7.457 -6.130
9.766 1.609 -4.959 -0.330 5.236 0.020 7.473 -6.158
9.796 1.510 -4.965 -0.295 5.236 0.020 7.489 -6.184
9.824 1.411 -4.971 -0.263 5.236 0.020 7.503 -6.209
9.850 1.311 -4.975 -0.234 5.236 0.020 7.516 -6.231
9.875 1.212 -4.979 -0.206 5.236 0.020 7.528 -6.252
9.897 1.112 -4.983 -0.181 5.236 0.020 7.539 -6.272
9.917 1.012 -4.986 -0.158 5.236 0.020 7.549 -6.289
9.935 0.912 -4.989 -0.138 5.236 0.020 7.558 -6.305
9.952 0.813 -4.991 -0.119 5.236 0.020 7.566 -6.319
9.966 0.713 -4.993 -0.101 5.236 0.020 7.574 -6.331
9.978 0.613 -4.995 -0.085 5.236 0.020 7.580 -6.342
9.988 0.513 -4.996 -0.071 5.236 0.020 7.585 -6.351
9.997 0.413 -4.998 -0.057 5.236 0.020 7.589 -6.358
10.003 0.313 -4.999 -0.045 5.236 0.020 7.592 -6.363
10.007 0.217 -4.814 9.223 5.236 0.020 7.594 -6.367
10.010 0.134 -4.129 34.234 5.236 0.020 7.596 -6.370
10.011 0.071 -3.130 49.988 5.236 0.020 7.596 -6.371
10.012 0.029 -2.130 49.995 5.236 0.020 7.597 -6.371
10.012 0.006 -1.130 49.999 5.236 0.020 7.597 -6.371
10.012 0.000 -0.315 40.743 5.236 0.020 7.597 -6.371
