BlueBoilerVision
155
0.000 0.020 1.000 50.000 6.283 0.020 0.000 1.099
0.001 0.040 1.000 0.002 6.283 0.020 0.001 1.099
0.003 0.090 2.500 75.008 6.283 0.020 0.003 1.099
0.006 0.160 3.501 50.026 6.283 0.020 0.006 1.099
0.011 0.250 4.502 50.059 6.283 0.020 0.011 1.099
0.018 0.350 5.004 25.101 6.283 0.020 0.018 1.099
0.027 0.450 5.007 0.140 6.283 0.020 0.027 1.099
0.038 0.550 5.010 0.180 6.283 0.020 0.038 1.099
0.051 0.651 5.015 0.221 6.283 0.020 0.051 1.099
0.066 0.751 5.020 0.262 6.283 0.020 0.066 1.099
0.083 0.852 5.026 0.304 6.283 0.020 0.083 1.099
0.102 0.952 5.033 0.347 6.283 0.020 0.102 1.099
0.123 1.053 5.041 0.390 6.283 0.020 0.123 1.099
0.146 1.154 5.049 0.434 6.283 0.020 0.146 1.099
0.171 1.255 5.059 0.480 6.283 0.020 0.171 1.099
0.199 1.357 5.070 0.526 6.283 0.020 0.199 1.099
0.228 1.458 5.081 0.574 6.283 0.020 0.228 1.099
0.259 1.560 5.094 0.622 6.282 0.020 0.259 1.099
0.292 1.662 5.107 0.672 6.282 0.020 0.292 1.099
0.327 1.765 5.121 0.724 6.282 0.020 0.327 1.099
0.365 1.868 5.137 0.777 6.282 0.020 0.365 1.099
0.404 1.971 5.154 0.832 6.281 0.020 0.404 1.099
0.446 2.074 5.171 0.889 6.281 0.020 0.446 1.099
0.489 2.178 5.190 0.948 6.280 0.020 0.489 1.098
0.535 2.282 5.211 1.009 6.280 0.020 0.535 1.098
0.583 2.387 5.232 1.073 6.279 0.020 0.583 1.098
0.632 2.492 5.255 1.139 6.278 0.020 0.632 1.098
0.684 2.597 5.279 1.207 6.277 0.020 0.684 1.098
0.738 2.703 5.304 1.279 6.276 0.020 0.738 1.097
0.795 2.810 5.332 1.353 6.275 0.020 0.795 1.097
0.853 2.917 5.360 1.431 6.274 0.020 0.853 1.096
0.914 3.025 5.390 1.513 6.273 0.020 0.914 1.096
0.976 3.134 5.422 1.598 6.271 0.020 0.976 1.095
1.041 3.243 5.456 1.688 6.269 0.020 1.041 1.094
1.108 3.353 5.492 1.782 6.268 0.020 1.108 1.093
1.177 3.463 5.529 1.881 6.266 0.020 1.177 1.092
1.249 3.574 5.569 1.985 6.263 0.020 1.249 1.091
1.323 3.687 5.611 2.095 6.261 0.020 1.323 1.089
1.399 3.800 5.655 2.211 6.258 0.020 1.398 1.087
1.477 3.914 5.702 2.332 6.255 0.020 1.477 1.085
1.557 4.029 5.751 2.461 6.252 0.020 1.557 1.083
1.640 4.145 5.803 2.596 6.248 0.020 1.640 1.080
1.726 4.262 5.858 2.738 6.244 0.020 1.725 1.077
1.813 4.380 5.916 2.888 6.240 0.020 1.813 1.074
1.903 4.500 5.976 3.045 6.236 0.020 1.903 1.069
1.996 4.621 6.041 3.210 6.231 0.020 1.995 1.065
2.090 4.743 6.108 3.382 6.225 0.020 2.090 1.060
2.188 4.866 6.180 3.561 6.220 0.020 2.187 1.054
2.288 4.992 6.254 3.747 6.213 0.020 2.287 1.047
2.390 5.118 6.333 3.938 6.207 0.020 2.389 1.040
2.495 5.236 5.874 -22.966 6.200 0.020 2.493 1.031
2.601 5.333 4.865 -50.428 6.192 0.020 2.599 1.022
2.710 5.410 3.842 -51.187 6.184 0.020 2.707 1.012
2.819 5.466 2.801 -52.025 6.175 0.020 2.816 1.000
2.929 5.501 1.742 -52.938 6.166 0.020 2.925 0.988
3.039 5.525 1.218 -26.231 6.156 0.020 3.035 0.974
3.150 5.550 1.239 1.040 6.146 0.020 3.145 0.960
3.262 5.575 1.258 0.972 6.136 0.020 3.255 0.944
3.374 5.601 1.276 0.886 6.125 0.020 3.366 0.927
3.486 5.626 1.291 0.781 6.114 0.020 3.477 0.909
3.599 5.652 1.304 0.656 6.102 0.020 3.588 0.889
3.713 5.679 1.315 0.508 6.089 0.020 3.700 0.868
3.827 5.705 1.321 0.337 6.076 0.020 3.812 0.845
3.942 5.732 1.324 0.140 6.063 0.020 3.924 0.821
4.057 5.758 1.323 -0.082 6.049 0.020 4.036 0.795
4.173 5.784 1.316 -0.332 6.035 0.020 4.148 0.767
4.289 5.810 1.304 -0.608 6.020 0.020 4.261 0.738
4.406 5.836 1.285 -0.912 6.005 0.020 4.373 0.707
4.523 5.861 1.261 -1.241 5.989 0.020 4.486 0.674
4.641 5.886 1.229 -1.593 5.973 0.020 4.598 0.639
4.759 5.910 1.189 -1.967 5.957 0.020 4.710 0.602
4.877 5.933 1.142 -2.357 5.940 0.020 4.822 0.563
4.996 5.954 1.087 -2.761 5.922 0.020 4.934 0.522
5.116 5.975 1.024 -3.172 5.905 0.020 5.045 0.479
5.236 5.994 0.952 -3.583 5.887 0.020 5.156 0.433
5.356 6.011 0.872 -3.988 5.868 0.020 5.267 0.386
5.477 6.027 0.785 -4.379 5.849 0.020 5.377 0.336
5.597 6.041 0.690 -4.748 5.831 0.020 5.486 0.284
5.718 6.053 0.588 -5.086 5.811 0.020 5.594 0.230
5.840 6.062 0.480 -5.387 5.792 0.020 5.702 0.174
5.961 6.070 0.367 -5.641 5.773 0.020 5.808 0.116
6.083 6.075 0.250 -5.844 5.753 0.020 5.914 0.056
6.204 6.077 0.131 -5.990 5.733 0.020 6.018 -0.007
6.326 6.077 0.009 -6.075 5.714 0.020 6.121 -0.071
6.447 6.075 -0.113 -6.097 5.694 0.020 6.223 -0.138
6.569 6.070 -0.234 -6.055 5.675 0.020 6.323 -0.206
6.690 6.063 -0.353 -5.952 5.655 0.020 6.422 -0.277
6.811 6.054 -0.469 -5.791 5.636 0.020 6.519 -0.349
6.932 6.042 -0.580 -5.575 5.617 0.020 6.615 -0.422
7.052 6.029 -0.686 -5.312 5.599 0.020 6.709 -0.498
7.173 6.013 -0.787 -5.009 5.580 0.020 6.801 -0.575
7.293 5.995 -0.880 -4.672 5.562 0.020 6.892 -0.653
7.412 5.976 -0.966 -4.311 5.544 0.020 6.981 -0.733
7.531 5.955 -1.045 -3.933 5.527 0.020 7.068 -0.814
7.650 5.933 -1.116 -3.547 5.510 0.020 7.154 -0.896
7.768 5.909 -1.179 -3.160 5.493 0.020 7.238 -0.979
7.886 5.884 -1.235 -2.779 5.477 0.020 7.320 -1.063
8.003 5.859 -1.283 -2.409 5.462 0.020 7.401 -1.149
8.119 5.832 -1.324 -2.057 5.446 0.020 7.479 -1.235
8.235 5.801 -1.575 -12.534 5.432 0.020 7.556 -1.321
8.351 5.753 -2.391 -40.835 5.418 0.020 7.632 -1.408
8.464 5.682 -3.546 -57.749 5.404 0.020 7.705 -1.495
8.576 5.589 -4.673 -56.357 5.391 0.020 7.775 -1.582
8.685 5.473 -5.774 -55.007 5.379 0.020 7.844 -1.668
8.792 5.340 -6.637 -43.175 5.368 0.020 7.909 -1.752
8.896 5.202 -6.918 -14.051 5.357 0.020 7.972 -1.835
8.998 5.065 -6.841 3.880 5.347 0.020 8.033 -1.916
9.096 4.930 -6.763 3.886 5.338 0.020 8.091 -1.996
9.192 4.796 -6.686 3.860 5.329 0.020 8.147 -2.074
9.285 4.664 -6.609 3.809 5.321 0.020 8.200 -2.150
9.376 4.533 -6.535 3.739 5.313 0.020 8.252 -2.225
9.464 4.404 -6.462 3.655 5.306 0.020 8.301 -2.297
9.550 4.276 -6.390 3.562 5.299 0.020 8.349 -2.369
9.633 4.150 -6.321 3.462 5.293 0.020 8.395 -2.438
9.713 4.025 -6.254 3.358 5.287 0.020 8.439 -2.505
9.791 3.901 -6.189 3.252 5.282 0.020 8.481 -2.571
9.867 3.779 -6.126 3.146 5.277 0.020 8.521 -2.635
9.940 3.657 -6.065 3.042 5.273 0.020 8.560 -2.696
10.011 3.537 -6.006 2.940 5.269 0.020 8.598 -2.756
10.079 3.418 -5.950 2.840 5.265 0.020 8.634 -2.815
10.145 3.300 -5.895 2.743 5.262 0.020 8.669 -2.871
10.209 3.183 -5.842 2.650 5.259 0.020 8.702 -2.925
10.270 3.068 -5.790 2.560 5.256 0.020 8.733 -2.978
10.329 2.953 -5.741 2.473 5.253 0.020 8.764 -3.028
10.386 2.839 -5.693 2.389 5.251 0.020 8.793 -3.077
10.440 2.726 -5.647 2.308 5.249 0.020 8.821 -3.124
10.493 2.614 -5.603 2.229 5.247 0.020 8.848 -3.169
10.543 2.503 -5.559 2.152 5.245 0.020 8.873 -3.212
10.591 2.392 -5.518 2.077 5.244 0.020 8.897 -3.253
10.636 2.283 -5.478 2.003 5.243 0.020 8.921 -3.292
10.680 2.174 -5.439 1.930 5.241 0.020 8.942 -3.330
10.721 2.066 -5.402 1.857 5.241 0.020 8.963 -3.366
10.760 1.959 -5.366 1.785 5.240 0.020 8.983 -3.399
10.797 1.852 -5.332 1.712 5.239 0.020 9.002 -3.431
10.832 1.746 -5.299 1.638 5.238 0.020 9.019 -3.462
10.865 1.641 -5.268 1.563 5.238 0.020 9.036 -3.490
10.896 1.536 -5.238 1.487 5.237 0.020 9.051 -3.517
10.924 1.432 -5.210 1.409 5.237 0.020 9.065 -3.541
10.951 1.328 -5.184 1.330 5.237 0.020 9.079 -3.564
10.975 1.225 -5.159 1.248 5.237 0.020 9.091 -3.586
10.998 1.122 -5.135 1.165 5.236 0.020 9.102 -3.605
11.018 1.020 -5.114 1.079 5.236 0.020 9.112 -3.623
11.037 0.918 -5.094 0.991 5.236 0.020 9.122 -3.639
11.053 0.816 -5.076 0.901 5.236 0.020 9.130 -3.653
11.067 0.715 -5.060 0.808 5.236 0.020 9.137 -3.665
11.079 0.614 -5.046 0.714 5.236 0.020 9.143 -3.676
11.090 0.514 -5.033 0.618 5.236 0.020 9.148 -3.685
11.098 0.413 -5.023 0.520 5.236 0.020 9.152 -3.692
11.104 0.313 -5.014 0.420 5.236 0.020 9.155 -3.697
11.109 0.217 -4.821 9.654 5.236 0.020 9.158 -3.701
11.111 0.134 -4.130 34.550 5.236 0.020 9.159 -3.703
11.113 0.071 -3.128 50.116 5.236 0.020 9.160 -3.705
11.113 0.029 -2.127 50.047 5.236 0.020 9.160 -3.705
11.113 0.006 -1.127 50.013 5.236 0.020 9.160 -3.705
11.113 0.000 -0.313 40.671 5.236 0.020 9.160 -3.705
0.000 0.020 1.000 50.000 6.283 0.020 0.000 -1.099
0.001 0.040 1.000 -0.002 6.283 0.020 0.001 -1.099
0.003 0.090 2.500 74.992 6.283 0.020 0.003 -1.099
0.006 0.160 3.499 49.974 6.283 0.020 0.006 -1.099
0.011 0.250 4.498 49.941 6.283 0.020 0.011 -1.099
0.018 0.350 4.996 24.899 6.283 0.020 0.018 -1.099
0.027 0.450 4.993 -0.140 6.283 0.020 0.027 -1.099
0.038 0.550 4.990 -0.180 6.283 0.020 0.038 -1.099
0.051 0.649 4.985 -0.221 6.283 0.020 0.051 -1.099
0.066 0.749 4.980 -0.262 6.283 0.020 0.066 -1.099
0.083 0.848 4.974 -0.304 6.283 0.020 0.083 -1.099
0.102 0.948 4.967 -0.347 6.283 0.020 0.102 -1.099
0.123 1.047 4.959 -0.390 6.283 0.020 0.123 -1.099
0.146 1.146 4.951 -0.434 6.283 0.020 0.146 -1.099
0.171 1.245 4.941 -0.480 6.283 0.020 0.171 -1.099
0.197 1.343 4.930 -0.526 6.283 0.020 0.197 -1.099
0.226 1.442 4.919 -0.574 6.283 0.020 0.226 -1.099
0.257 1.540 4.906 -0.622 6.282 0.020 0.257 -1.099
0.290 1.638 4.893 -0.672 6.282 0.020 0.290 -1.099
0.325 1.735 4.879 -0.724 6.282 0.020 0.325 -1.099
0.361 1.832 4.863 -0.777 6.282 0.020 0.361 -1.099
0.400 1.929 4.846 -0.832 6.281 0.020 0.400 -1.099
0.440 2.026 4.829 -0.889 6.281 0.020 0.440 -1.099
0.483 2.122 4.810 -0.948 6.280 0.020 0.483 -1.099
0.527 2.218 4.789 -1.009 6.280 0.020 0.527 -1.100
0.573 2.313 4.768 -1.073 6.279 0.020 0.573 -1.100
0.622 2.408 4.745 -1.139 6.278 0.020 0.622 -1.100
0.672 2.503 4.721 -1.207 6.277 0.020 0.672 -1.100
0.724 2.597 4.696 -1.279 6.276 0.020 0.724 -1.101
0.777 2.690 4.668 -1.353 6.275 0.020 0.777 -1.101
0.833 2.783 4.640 -1.431 6.274 0.020 0.833 -1.101
0.890 2.875 4.610 -1.513 6.273 0.020 0.890 -1.102
0.950 2.966 4.578 -1.598 6.271 0.020 0.950 -1.103
1.011 3.057 4.544 -1.688 6.269 0.020 1.011 -1.103
1.074 3.147 4.508 -1.782 6.268 0.020 1.074 -1.104
1.139 3.237 4.471 -1.881 6.266 0.020 1.139 -1.105
1.205 3.326 4.431 -1.986 6.263 0.020 1.205 -1.107
1.273 3.413 4.389 -2.095 6.261 0.020 1.273 -1.108
1.343 3.500 4.345 -2.211 6.258 0.020 1.343 -1.110
1.415 3.586 4.298 -2.333 6.255 0.020 1.415 -1.112
1.489 3.671 4.249 -2.461 6.252 0.020 1.488 -1.114
1.564 3.755 4.197 -2.596 6.248 0.020 1.563 -1.116
1.640 3.838 4.142 -2.739 6.244 0.020 1.640 -1.119
1.719 3.920 4.084 -2.888 6.240 0.020 1.719 -1.122
1.799 4.000 4.023 -3.046 6.236 0.020 1.798 -1.126
1.880 4.079 3.959 -3.211 6.231 0.020 1.880 -1.130
1.964 4.157 3.892 -3.383 6.225 0.020 1.963 -1.135
2.048 4.233 3.820 -3.562 6.220 0.020 2.047 -1.140
2.134 4.308 3.745 -3.748 6.213 0.020 2.133 -1.145
2.222 4.382 3.667 -3.939 6.207 0.020 2.221 -1.152
2.311 4.444 3.126 -27.035 6.200 0.020 2.309 -1.159
2.401 4.487 2.134 -49.572 6.192 0.020 2.399 -1.167
2.491 4.510 1.158 -48.813 6.184 0.020 2.489 -1.175
2.581 4.514 0.199 -47.975 6.175 0.020 2.578 -1.185
2.671 4.499 -0.743 -47.062 6.166 0.020 2.668 -1.195
2.761 4.475 -1.218 -23.769 6.156 0.020 2.757 -1.206
2.850 4.450 -1.239 -1.041 6.146 0.020 2.845 -1.217
2.938 4.425 -1.258 -0.972 6.136 0.020 2.933 -1.230
3.026 4.399 -1.276 -0.886 6.125 0.020 3.019 -1.243
3.114 4.374 -1.292 -0.782 6.114 0.020 3.106 -1.258
3.201 4.347 -1.305 -0.656 6.102 0.020 3.191 -1.273
3.287 4.321 -1.315 -0.509 6.089 0.020 3.276 -1.289
3.373 4.295 -1.322 -0.338 6.076 0.020 3.360 -1.306
3.458 4.268 -1.324 -0.141 6.063 0.020 3.444 -1.324
3.543 4.242 -1.323 0.082 6.049 0.020 3.527 -1.343
3.627 4.215 -1.316 0.331 6.035 0.020 3.608 -1.363
3.711 4.189 -1.304 0.608 6.020 0.020 3.690 -1.384
3.794 4.164 -1.286 0.911 6.005 0.020 3.770 -1.407
3.877 4.138 -1.261 1.240 5.989 0.020 3.849 -1.430
3.959 4.114 -1.229 1.593 5.973 0.020 3.928 -1.455
4.041 4.090 -1.190 1.967 5.957 0.020 4.005 -1.480
4.123 4.067 -1.143 2.358 5.940 0.020 4.082 -1.507
4.204 4.046 -1.087 2.761 5.922 0.020 4.158 -1.535
4.284 4.025 -1.024 3.172 5.905 0.020 4.233 -1.564
4.364 4.006 -0.952 3.584 5.887 0.020 4.307 -1.594
4.444 3.989 -0.872 3.989 5.868 0.020 4.381 -1.626
4.523 3.973 -0.785 4.380 5.849 0.020 4.453 -1.658
4.603 3.959 -0.690 4.749 5.831 0.020 4.525 -1.692
4.682 3.947 -0.588 5.088 5.811 0.020 4.595 -1.727
4.760 3.938 -0.480 5.388 5.792 0.020 4.665 -1.764
4.839 3.930 -0.367 5.643 5.773 0.020 4.734 -1.802
4.917 3.925 -0.251 5.846 5.753 0.020 4.802 -1.841
4.996 3.923 -0.131 5.992 5.733 0.020 4.870 -1.881
5.074 3.923 -0.009 6.076 5.714 0.020 4.936 -1.923
5.153 3.925 0.113 6.098 5.694 0.020 5.002 -1.966
5.231 3.929 0.234 6.057 5.675 0.020 5.067 -2.010
5.310 3.937 0.353 5.954 5.655 0.020 5.131 -2.056
5.389 3.946 0.469 5.792 5.636 0.020 5.194 -2.102
5.468 3.957 0.580 5.577 5.617 0.020 5.257 -2.151
5.548 3.971 0.687 5.314 5.599 0.020 5.319 -2.200
5.627 3.987 0.787 5.010 5.580 0.020 5.380 -2.251
5.707 4.005 0.880 4.673 5.562 0.020 5.441 -2.304
5.788 4.024 0.967 4.312 5.544 0.020 5.501 -2.357
5.869 4.045 1.045 3.934 5.527 0.020 5.560 -2.412
5.950 4.067 1.116 3.548 5.510 0.020 5.619 -2.469
6.032 4.091 1.179 3.161 5.493 0.020 5.677 -2.526
6.114 4.115 1.235 2.779 5.477 0.020 5.734 -2.585
6.197 4.141 1.283 2.410 5.462 0.020 5.791 -2.646
6.280 4.168 1.324 2.057 5.446 0.020 5.848 -2.707
6.364 4.192 1.202 -6.129 5.432 0.020 5.903 -2.770
6.448 4.204 0.645 -27.826 5.418 0.020 5.958 -2.833
6.532 4.201 -0.200 -42.249 5.404 0.020 6.012 -2.898
6.616 4.179 -1.073 -43.642 5.391 0.020 6.065 -2.962
6.699 4.140 -1.972 -44.993 5.379 0.020 6.117 -3.027
6.780 4.085 -2.736 -38.163 5.368 0.020 6.167 -3.092
6.861 4.023 -3.082 -17.288 5.357 0.020 6.216 -3.156
6.940 3.960 -3.159 -3.882 5.347 0.020 6.263 -3.219
7.018 3.895 -3.237 -3.888 5.338 0.020 6.309 -3.282
7.095 3.829 -3.314 -3.861 5.329 0.020 6.353 -3.344
7.170 3.761 -3.390 -3.810 5.321 0.020 6.397 -3.406
7.244 3.692 -3.465 -3.740 5.313 0.020 6.438 -3.467
7.316 3.621 -3.538 -3.656 5.306 0.020 6.479 -3.527
7.387 3.549 -3.610 -3.563 5.299 0.020 6.519 -3.586
7.457 3.475 -3.679 -3.463 5.293 0.020 6.557 -3.644
7.525 3.400 -3.746 -3.359 5.287 0.020 6.594 -3.701
7.591 3.324 -3.811 -3.253 5.282 0.020 6.630 -3.756
7.656 3.247 -3.874 -3.147 5.277 0.020 6.665 -3.811
7.719 3.168 -3.935 -3.043 5.273 0.020 6.699 -3.865
7.781 3.088 -3.994 -2.940 5.269 0.020 6.732 -3.917
7.841 3.007 -4.050 -2.840 5.265 0.020 6.763 -3.968
7.900 2.925 -4.105 -2.744 5.262 0.020 6.794 -4.018
7.957 2.842 -4.158 -2.650 5.259 0.020 6.823 -4.067
8.012 2.758 -4.209 -2.560 5.256 0.020 6.852 -4.114
8.065 2.673 -4.259 -2.473 5.253 0.020 6.880 -4.160
8.117 2.586 -4.307 -2.389 5.251 0.020 6.906 -4.204
8.167 2.499 -4.353 -2.308 5.249 0.020 6.932 -4.247
8.215 2.411 -4.397 -2.229 5.247 0.020 6.956 -4.288
8.262 2.323 -4.441 -2.152 5.245 0.020 6.980 -4.328
8.306 2.233 -4.482 -2.077 5.244 0.020 7.003 -4.367
8.349 2.143 -4.522 -2.003 5.243 0.020 7.024 -4.404
8.390 2.051 -4.561 -1.930 5.241 0.020 7.045 -4.439
8.429 1.959 -4.598 -1.857 5.241 0.020 7.065 -4.473
8.467 1.867 -4.634 -1.785 5.240 0.020 7.084 -4.505
8.502 1.773 -4.668 -1.712 5.239 0.020 7.102 -4.536
8.536 1.679 -4.701 -1.638 5.238 0.020 7.118 -4.565
8.567 1.585 -4.732 -1.563 5.238 0.020 7.134 -4.592
8.597 1.489 -4.762 -1.487 5.237 0.020 7.149 -4.618
8.625 1.394 -4.790 -1.409 5.237 0.020 7.163 -4.642
8.651 1.297 -4.816 -1.330 5.237 0.020 7.176 -4.665
8.675 1.201 -4.841 -1.248 5.237 0.020 7.188 -4.686
8.697 1.103 -4.865 -1.165 5.236 0.020 7.199 -4.705
8.717 1.005 -4.886 -1.079 5.236 0.020 7.209 -4.722
8.735 0.907 -4.906 -0.991 5.236 0.020 7.218 -4.738
8.752 0.809 -4.924 -0.901 5.236 0.020 7.226 -4.752
8.766 0.710 -4.940 -0.808 5.236 0.020 7.234 -4.764
8.778 0.611 -4.954 -0.714 5.236 0.020 7.240 -4.775
8.788 0.512 -4.967 -0.618 5.236 0.020 7.245 -4.784
8.796 0.412 -4.977 -0.520 5.236 0.020 7.249 -4.791
8.803 0.312 -4.986 -0.420 5.236 0.020 7.252 -4.796
8.807 0.216 -4.805 9.009 5.236 0.020 7.254 -4.800
8.810 0.134 -4.123 34.112 5.236 0.020 7.256 -4.802
8.811 0.071 -3.126 49.884 5.236 0.020 7.256 -4.803
8.812 0.029 -2.126 49.953 5.236 0.020 7.257 -4.804
8.812 0.006 -1.127 49.987 5.236 0.020 7.257 -4.804
8.812 0.000 -0.313 40.667 5.236 0.020 7.257 -4.804
