BlueLoadingVision
156
0.000 0.020 1.000 50.000 6.283 0.020 0.000 1.099
0.001 0.040 1.000 0.000 6.283 0.020 0.001 1.099
0.003 0.090 2.500 75.001 6.283 0.020 0.003 1.099
0.006 0.160 3.500 50.002 6.283 0.020 0.006 1.099
0.011 0.250 4.500 50.003 6.283 0.020 0.011 1.099
0.018 0.350 5.000 25.005 6.283 0.020 0.018 1.099
0.027 0.450 5.000 0.006 6.283 0.020 0.027 1.099
0.038 0.550 5.000 0.005 6.283 0.020 0.038 1.099
0.051 0.650 5.000 0.003 6.283 0.020 0.051 1.099
0.066 0.750 5.000 -0.001 6.283 0.020 0.066 1.099
0.083 0.850 5.000 -0.007 6.283 0.020 0.083 1.099
0.102 0.950 5.000 -0.016 6.283 0.020 0.102 1.099
0.123 1.050 4.999 -0.028 6.283 0.020 0.123 1.099
0.146 1.150 4.999 -0.044 6.283 0.020 0.146 1.099
0.171 1.250 4.997 -0.062 6.283 0.020 0.171 1.099
0.198 1.350 4.996 -0.085 6.283 0.020 0.198 1.099
0.227 1.450 4.993 -0.112 0.000 0.020 0.227 1.099
0.258 1.550 4.991 -0.143 0.000 0.020 0.258 1.099
0.291 1.649 4.987 -0.178 0.000 0.020 0.291 1.099
0.326 1.749 4.983 -0.218 0.000 0.020 0.326 1.099
0.363 1.848 4.977 -0.264 0.000 0.020 0.363 1.099
0.402 1.948 4.971 -0.314 0.000 0.020 0.402 1.099
0.443 2.047 4.964 -0.370 0.000 0.020 0.443 1.099
0.486 2.146 4.955 -0.431 0.000 0.020 0.486 1.099
0.531 2.245 4.945 -0.497 0.000 0.020 0.531 1.099
0.578 2.344 4.934 -0.569 0.000 0.020 0.578 1.099
0.626 2.442 4.921 -0.647 0.001 0.020 0.626 1.099
0.677 2.540 4.906 -0.730 0.001 0.020 0.677 1.099
0.730 2.638 4.890 -0.819 0.001 0.020 0.730 1.099
0.785 2.736 4.871 -0.914 0.001 0.020 0.785 1.099
0.841 2.833 4.851 -1.015 0.002 0.020 0.841 1.099
0.900 2.929 4.829 -1.122 0.002 0.020 0.900 1.099
0.960 3.025 4.804 -1.235 0.002 0.020 0.960 1.099
1.023 3.121 4.777 -1.354 0.003 0.020 1.023 1.100
1.087 3.216 4.747 -1.480 0.004 0.020 1.087 1.100
1.153 3.310 4.715 -1.611 0.004 0.020 1.153 1.100
1.221 3.404 4.680 -1.749 0.005 0.020 1.221 1.100
1.291 3.497 4.642 -1.894 0.006 0.020 1.291 1.101
1.363 3.589 4.601 -2.046 0.007 0.020 1.363 1.101
1.437 3.680 4.557 -2.205 0.008 0.020 1.437 1.102
1.512 3.770 4.510 -2.371 0.010 0.020 1.512 1.103
1.589 3.859 4.459 -2.546 0.012 0.020 1.589 1.103
1.668 3.947 4.404 -2.729 0.013 0.020 1.668 1.104
1.749 4.034 4.346 -2.921 0.016 0.020 1.749 1.106
1.831 4.120 4.283 -3.122 0.018 0.020 1.831 1.107
1.915 4.204 4.217 -3.334 0.021 0.020 1.915 1.109
2.001 4.287 4.146 -3.556 0.024 0.020 2.001 1.110
2.088 4.368 4.070 -3.790 0.027 0.020 2.088 1.113
2.177 4.448 3.989 -4.036 0.031 0.020 2.177 1.115
2.268 4.526 3.903 -4.294 0.035 0.020 2.268 1.118
2.360 4.593 3.339 -28.238 0.039 0.020 2.360 1.121
2.453 4.639 2.305 -51.663 0.044 0.020 2.452 1.125
2.546 4.665 1.285 -51.030 0.049 0.020 2.545 1.130
2.639 4.670 0.279 -50.298 0.055 0.020 2.639 1.135
2.732 4.656 -0.711 -49.471 0.061 0.020 2.732 1.140
2.825 4.632 -1.220 -25.456 0.068 0.020 2.824 1.146
2.917 4.607 -1.260 -1.995 0.075 0.020 2.916 1.153
3.009 4.581 -1.299 -1.984 0.083 0.020 3.007 1.160
3.100 4.554 -1.339 -1.964 0.091 0.020 3.098 1.168
3.190 4.526 -1.377 -1.934 0.100 0.020 3.188 1.176
3.280 4.498 -1.415 -1.891 0.109 0.020 3.278 1.186
3.370 4.469 -1.452 -1.832 0.118 0.020 3.367 1.196
3.459 4.439 -1.487 -1.755 0.129 0.020 3.455 1.207
3.547 4.409 -1.520 -1.657 0.139 0.020 3.542 1.219
3.634 4.378 -1.551 -1.533 0.151 0.020 3.629 1.231
3.721 4.346 -1.578 -1.381 0.163 0.020 3.715 1.245
3.807 4.314 -1.602 -1.198 0.175 0.020 3.800 1.259
3.893 4.282 -1.622 -0.979 0.188 0.020 3.884 1.275
3.978 4.249 -1.636 -0.723 0.202 0.020 3.967 1.291
4.062 4.216 -1.645 -0.426 0.216 0.020 4.050 1.309
4.146 4.183 -1.647 -0.086 0.231 0.020 4.131 1.327
4.229 4.150 -1.641 0.299 0.246 0.020 4.212 1.347
4.311 4.118 -1.626 0.729 0.263 0.020 4.292 1.368
4.393 4.086 -1.602 1.203 0.279 0.020 4.370 1.389
4.474 4.054 -1.568 1.719 0.296 0.020 4.448 1.413
4.555 4.024 -1.522 2.274 0.314 0.020 4.525 1.437
4.635 3.995 -1.465 2.861 0.332 0.020 4.601 1.462
4.714 3.967 -1.395 3.474 0.351 0.020 4.675 1.489
4.793 3.941 -1.313 4.102 0.371 0.020 4.749 1.516
4.871 3.916 -1.219 4.734 0.390 0.020 4.822 1.546
4.949 3.894 -1.112 5.357 0.410 0.020 4.894 1.576
5.026 3.874 -0.992 5.956 0.431 0.020 4.964 1.608
5.104 3.857 -0.862 6.517 0.452 0.020 5.034 1.640
5.180 3.842 -0.722 7.024 0.473 0.020 5.103 1.675
5.257 3.831 -0.572 7.463 0.494 0.020 5.171 1.710
5.334 3.823 -0.416 7.820 0.515 0.020 5.238 1.747
5.410 3.818 -0.254 8.085 0.537 0.020 5.304 1.786
5.486 3.816 -0.089 8.248 0.559 0.020 5.369 1.825
5.563 3.817 0.077 8.306 0.580 0.020 5.433 1.867
5.639 3.822 0.242 8.256 0.601 0.020 5.497 1.909
5.716 3.830 0.404 8.102 0.623 0.020 5.559 1.953
5.792 3.841 0.561 7.849 0.644 0.020 5.621 1.999
5.870 3.856 0.711 7.506 0.665 0.020 5.682 2.046
5.947 3.873 0.853 7.086 0.685 0.020 5.743 2.094
6.025 3.892 0.985 6.601 0.705 0.020 5.803 2.144
6.103 3.915 1.106 6.067 0.725 0.020 5.862 2.195
6.182 3.939 1.216 5.499 0.744 0.020 5.920 2.248
6.261 3.965 1.314 4.912 0.763 0.020 5.978 2.302
6.341 3.993 1.401 4.321 0.782 0.020 6.035 2.358
6.422 4.023 1.476 3.739 0.799 0.020 6.092 2.415
6.503 4.051 1.435 -2.024 0.817 0.020 6.148 2.474
6.584 4.071 0.971 -23.229 0.833 0.020 6.203 2.534
6.665 4.074 0.172 -39.946 0.849 0.020 6.257 2.594
6.747 4.061 -0.663 -41.749 0.864 0.020 6.310 2.656
6.827 4.030 -1.534 -43.507 0.878 0.020 6.362 2.717
6.907 3.984 -2.329 -39.771 0.892 0.020 6.413 2.779
6.986 3.929 -2.726 -19.840 0.905 0.020 6.462 2.841
7.063 3.873 -2.815 -4.488 0.916 0.020 6.509 2.902
7.139 3.815 -2.907 -4.571 0.928 0.020 6.555 2.962
7.214 3.755 -2.999 -4.595 0.938 0.020 6.600 3.023
7.288 3.693 -3.090 -4.571 0.948 0.020 6.644 3.083
7.361 3.629 -3.180 -4.511 0.957 0.020 6.686 3.142
7.432 3.564 -3.269 -4.423 0.965 0.020 6.726 3.200
7.502 3.497 -3.355 -4.316 0.973 0.020 6.766 3.258
7.571 3.428 -3.439 -4.194 0.980 0.020 6.804 3.315
7.638 3.358 -3.520 -4.064 0.987 0.020 6.842 3.370
7.703 3.286 -3.599 -3.928 0.993 0.020 6.878 3.425
7.768 3.212 -3.675 -3.791 0.998 0.020 6.913 3.479
7.830 3.137 -3.748 -3.654 1.004 0.020 6.947 3.532
7.892 3.061 -3.818 -3.520 1.009 0.020 6.979 3.584
7.951 2.983 -3.886 -3.389 1.013 0.020 7.011 3.634
8.009 2.904 -3.951 -3.262 1.017 0.020 7.042 3.684
8.066 2.824 -4.014 -3.140 1.021 0.020 7.071 3.732
8.121 2.742 -4.075 -3.024 1.024 0.020 7.100 3.779
8.174 2.660 -4.133 -2.912 1.027 0.020 7.127 3.824
8.225 2.576 -4.189 -2.805 1.030 0.020 7.154 3.868
8.275 2.491 -4.243 -2.703 1.032 0.020 7.180 3.911
8.323 2.405 -4.295 -2.605 1.034 0.020 7.204 3.952
8.370 2.318 -4.345 -2.510 1.036 0.020 7.228 3.992
8.414 2.230 -4.394 -2.419 1.038 0.020 7.251 4.031
8.457 2.142 -4.440 -2.330 1.039 0.020 7.272 4.067
8.498 2.052 -4.485 -2.243 1.041 0.020 7.293 4.103
8.537 1.961 -4.528 -2.158 1.042 0.020 7.313 4.137
8.575 1.870 -4.570 -2.073 1.043 0.020 7.332 4.169
8.610 1.778 -4.609 -1.988 1.044 0.020 7.350 4.200
8.644 1.685 -4.648 -1.904 1.044 0.020 7.367 4.229
8.676 1.591 -4.684 -1.818 1.045 0.020 7.383 4.256
8.706 1.497 -4.719 -1.731 1.045 0.020 7.398 4.282
8.734 1.402 -4.751 -1.643 1.046 0.020 7.412 4.307
8.760 1.306 -4.782 -1.553 1.046 0.020 7.425 4.329
8.784 1.210 -4.812 -1.460 1.046 0.020 7.437 4.350
8.806 1.113 -4.839 -1.364 1.047 0.020 7.448 4.369
8.827 1.016 -4.864 -1.266 1.047 0.020 7.458 4.387
8.845 0.918 -4.888 -1.166 1.047 0.020 7.467 4.403
8.862 0.820 -4.909 -1.062 1.047 0.020 7.476 4.417
8.876 0.721 -4.928 -0.956 1.047 0.020 7.483 4.430
8.888 0.622 -4.945 -0.847 1.047 0.020 7.489 4.440
8.899 0.523 -4.960 -0.735 1.047 0.020 7.494 4.449
8.907 0.424 -4.972 -0.621 1.047 0.020 7.499 4.457
8.914 0.324 -4.982 -0.506 1.047 0.020 7.502 4.462
8.918 0.227 -4.862 5.999 1.047 0.020 7.504 4.466
8.921 0.142 -4.240 31.118 1.047 0.020 7.505 4.469
8.923 0.077 -3.243 49.851 1.047 0.020 7.506 4.470
8.923 0.032 -2.244 49.938 1.047 0.020 7.507 4.471
8.924 0.007 -1.244 49.982 1.047 0.020 7.507 4.471
8.924 0.000 -0.372 43.608 1.047 0.020 7.507 4.471
0.000 0.020 1.000 50.000 6.283 0.020 0.000 -1.099
0.001 0.040 1.000 -0.000 6.283 0.020 0.001 -1.099
0.003 0.090 2.500 74.999 6.283 0.020 0.003 -1.099
0.006 0.160 3.500 49.998 6.283 0.020 0.006 -1.099
0.011 0.250 4.500 49.997 6.283 0.020 0.011 -1.099
0.018 0.350 5.000 24.995 6.283 0.020 0.018 -1.099
0.027 0.450 5.000 -0.006 6.283 0.020 0.027 -1.099
0.038 0.550 5.000 -0.005 6.283 0.020 0.038 -1.099
0.051 0.650 5.000 -0.003 6.283 0.020 0.051 -1.099
0.066 0.750 5.000 0.001 6.283 0.020 0.066 -1.099
0.083 0.850 5.000 0.007 6.283 0.020 0.083 -1.099
0.102 0.950 5.000 0.016 6.283 0.020 0.102 -1.099
0.123 1.050 5.001 0.028 6.283 0.020 0.123 -1.099
0.146 1.150 5.001 0.044 6.283 0.020 0.146 -1.099
0.171 1.250 5.003 0.062 6.283 0.020 0.171 -1.099
0.198 1.350 5.004 0.085 6.283 0.020 0.198 -1.099
0.227 1.450 5.007 0.112 0.000 0.020 0.227 -1.099
0.258 1.550 5.009 0.143 0.000 0.020 0.258 -1.099
0.291 1.651 5.013 0.178 0.000 0.020 0.291 -1.099
0.326 1.751 5.017 0.218 0.000 0.020 0.326 -1.099
0.363 1.852 5.023 0.264 0.000 0.020 0.363 -1.099
0.402 1.952 5.029 0.314 0.000 0.020 0.402 -1.099
0.443 2.053 5.036 0.370 0.000 0.020 0.443 -1.099
0.486 2.154 5.045 0.431 0.000 0.020 0.486 -1.099
0.531 2.255 5.055 0.497 0.000 0.020 0.531 -1.099
0.578 2.356 5.066 0.569 0.000 0.020 0.578 -1.099
0.628 2.458 5.079 0.647 0.001 0.020 0.628 -1.099
0.679 2.560 5.094 0.730 0.001 0.020 0.679 -1.099
0.732 2.662 5.110 0.819 0.001 0.020 0.732 -1.099
0.787 2.764 5.129 0.914 0.001 0.020 0.787 -1.099
0.845 2.867 5.149 1.015 0.002 0.020 0.845 -1.099
0.904 2.971 5.171 1.122 0.002 0.020 0.904 -1.099
0.966 3.075 5.196 1.235 0.002 0.020 0.966 -1.098
1.029 3.179 5.223 1.354 0.003 0.020 1.029 -1.098
1.095 3.284 5.253 1.480 0.004 0.020 1.095 -1.098
1.163 3.390 5.285 1.611 0.004 0.020 1.163 -1.098
1.233 3.496 5.320 1.749 0.005 0.020 1.233 -1.097
1.305 3.603 5.358 1.894 0.006 0.020 1.305 -1.097
1.379 3.711 5.399 2.046 0.007 0.020 1.379 -1.097
1.455 3.820 5.443 2.205 0.008 0.020 1.455 -1.096
1.534 3.930 5.490 2.371 0.010 0.020 1.534 -1.095
1.615 4.041 5.541 2.546 0.012 0.020 1.615 -1.094
1.698 4.153 5.596 2.729 0.013 0.020 1.698 -1.093
1.783 4.266 5.654 2.921 0.016 0.020 1.783 -1.092
1.871 4.380 5.717 3.122 0.018 0.020 1.871 -1.091
1.961 4.496 5.783 3.334 0.021 0.020 1.961 -1.089
2.053 4.613 5.854 3.556 0.024 0.020 2.053 -1.087
2.148 4.732 5.930 3.789 0.027 0.020 2.147 -1.085
2.245 4.852 6.011 4.035 0.031 0.020 2.244 -1.082
2.344 4.974 6.097 4.293 0.035 0.020 2.344 -1.078
2.446 5.087 5.661 -21.762 0.039 0.020 2.445 -1.075
2.549 5.181 4.695 -48.337 0.044 0.020 2.549 -1.070
2.654 5.255 3.715 -48.971 0.049 0.020 2.654 -1.066
2.761 5.310 2.721 -49.703 0.055 0.020 2.760 -1.060
2.868 5.344 1.711 -50.530 0.061 0.020 2.867 -1.054
2.975 5.368 1.220 -24.544 0.068 0.020 2.974 -1.047
3.083 5.393 1.260 1.994 0.075 0.020 3.081 -1.039
3.191 5.419 1.299 1.983 0.083 0.020 3.190 -1.031
3.300 5.446 1.339 1.963 0.091 0.020 3.298 -1.021
3.410 5.474 1.377 1.933 0.100 0.020 3.407 -1.011
3.520 5.502 1.415 1.890 0.109 0.020 3.516 -0.999
3.630 5.531 1.452 1.832 0.118 0.020 3.626 -0.987
3.741 5.561 1.487 1.754 0.129 0.020 3.737 -0.973
3.853 5.591 1.520 1.656 0.139 0.020 3.848 -0.958
3.966 5.622 1.550 1.532 0.151 0.020 3.959 -0.942
4.079 5.654 1.578 1.380 0.163 0.020 4.070 -0.924
4.192 5.686 1.602 1.197 0.175 0.020 4.183 -0.905
4.307 5.718 1.622 0.979 0.188 0.020 4.295 -0.884
4.422 5.751 1.636 0.722 0.202 0.020 4.408 -0.862
4.538 5.784 1.645 0.425 0.216 0.020 4.521 -0.838
4.654 5.817 1.646 0.085 0.231 0.020 4.635 -0.812
4.771 5.850 1.640 -0.300 0.246 0.020 4.748 -0.785
4.889 5.882 1.626 -0.729 0.263 0.020 4.862 -0.755
5.007 5.914 1.602 -1.203 0.279 0.020 4.976 -0.723
5.126 5.945 1.567 -1.719 0.296 0.020 5.090 -0.690
5.245 5.976 1.522 -2.274 0.314 0.020 5.204 -0.654
5.365 6.005 1.464 -2.861 0.332 0.020 5.318 -0.616
5.486 6.033 1.395 -3.473 0.351 0.020 5.432 -0.575
5.607 6.059 1.313 -4.101 0.371 0.020 5.545 -0.532
5.729 6.084 1.218 -4.733 0.390 0.020 5.658 -0.487
5.851 6.106 1.111 -5.356 0.410 0.020 5.770 -0.440
5.973 6.126 0.992 -5.955 0.431 0.020 5.882 -0.389
6.096 6.143 0.862 -6.515 0.452 0.020 5.993 -0.337
6.219 6.157 0.721 -7.022 0.473 0.020 6.104 -0.282
6.343 6.169 0.572 -7.461 0.494 0.020 6.213 -0.225
6.466 6.177 0.416 -7.818 0.515 0.020 6.321 -0.165
6.590 6.182 0.254 -8.082 0.537 0.020 6.428 -0.103
6.714 6.184 0.089 -8.245 0.559 0.020 6.533 -0.039
6.837 6.183 -0.077 -8.303 0.580 0.020 6.638 0.028
6.961 6.178 -0.242 -8.254 0.601 0.020 6.740 0.097
7.084 6.170 -0.404 -8.100 0.623 0.020 6.841 0.168
7.207 6.158 -0.561 -7.847 0.644 0.020 6.940 0.241
7.330 6.144 -0.711 -7.504 0.665 0.020 7.038 0.316
7.453 6.127 -0.853 -7.084 0.685 0.020 7.134 0.392
7.575 6.107 -0.985 -6.599 0.705 0.020 7.227 0.470
7.697 6.085 -1.106 -6.065 0.725 0.020 7.319 0.550
7.818 6.061 -1.216 -5.498 0.744 0.020 7.409 0.631
7.939 6.035 -1.314 -4.911 0.763 0.020 7.497 0.714
8.059 6.007 -1.400 -4.321 0.782 0.020 7.583 0.798
8.178 5.977 -1.475 -3.738 0.799 0.020 7.667 0.883
8.297 5.943 -1.690 -10.755 0.817 0.020 7.750 0.969
8.415 5.894 -2.481 -39.548 0.833 0.020 7.830 1.055
8.532 5.820 -3.682 -60.052 0.849 0.020 7.907 1.142
8.646 5.723 -4.847 -58.249 0.864 0.020 7.982 1.229
8.758 5.604 -5.977 -56.492 0.878 0.020 8.054 1.314
8.867 5.465 -6.926 -47.451 0.892 0.020 8.123 1.399
8.974 5.320 -7.274 -17.383 0.905 0.020 8.190 1.482
9.077 5.176 -7.184 4.485 0.916 0.020 8.253 1.564
9.178 5.034 -7.093 4.569 0.928 0.020 8.314 1.644
9.276 4.894 -7.001 4.593 0.938 0.020 8.372 1.723
9.371 4.756 -6.909 4.569 0.948 0.020 8.428 1.800
9.463 4.619 -6.819 4.509 0.957 0.020 8.482 1.875
9.553 4.485 -6.731 4.422 0.965 0.020 8.533 1.949
9.640 4.352 -6.645 4.314 0.973 0.020 8.582 2.020
9.724 4.221 -6.561 4.193 0.980 0.020 8.630 2.090
9.806 4.091 -6.479 4.062 0.987 0.020 8.675 2.158
9.886 3.963 -6.401 3.927 0.993 0.020 8.719 2.225
9.962 3.837 -6.325 3.790 0.998 0.020 8.760 2.289
10.037 3.712 -6.252 3.654 1.004 0.020 8.800 2.352
10.108 3.588 -6.182 3.519 1.009 0.020 8.839 2.412
10.178 3.466 -6.114 3.388 1.013 0.020 8.876 2.471
10.245 3.345 -6.049 3.262 1.017 0.020 8.911 2.528
10.309 3.225 -5.986 3.140 1.021 0.020 8.945 2.583
10.371 3.107 -5.925 3.023 1.024 0.020 8.977 2.636
10.431 2.989 -5.867 2.912 1.027 0.020 9.008 2.687
10.488 2.873 -5.811 2.805 1.030 0.020 9.038 2.736
10.544 2.758 -5.757 2.703 1.032 0.020 9.066 2.783
10.596 2.644 -5.705 2.604 1.034 0.020 9.093 2.829
10.647 2.531 -5.655 2.510 1.036 0.020 9.119 2.872
10.695 2.418 -5.606 2.419 1.038 0.020 9.144 2.914
10.742 2.307 -5.560 2.330 1.039 0.020 9.167 2.954
10.785 2.197 -5.515 2.243 1.041 0.020 9.189 2.991
10.827 2.088 -5.472 2.157 1.042 0.020 9.210 3.028
10.867 1.979 -5.430 2.073 1.043 0.020 9.230 3.062
10.904 1.871 -5.391 1.988 1.044 0.020 9.249 3.094
10.940 1.764 -5.352 1.904 1.044 0.020 9.267 3.125
10.973 1.658 -5.316 1.818 1.045 0.020 9.284 3.153
11.004 1.552 -5.281 1.731 1.045 0.020 9.299 3.180
11.033 1.447 -5.249 1.643 1.046 0.020 9.314 3.205
11.060 1.343 -5.218 1.552 1.046 0.020 9.327 3.228
11.084 1.239 -5.188 1.460 1.046 0.020 9.340 3.250
11.107 1.136 -5.161 1.364 1.047 0.020 9.351 3.269
11.128 1.033 -5.136 1.266 1.047 0.020 9.361 3.287
11.146 0.931 -5.112 1.166 1.047 0.020 9.371 3.303
11.163 0.829 -5.091 1.062 1.047 0.020 9.379 3.318
11.177 0.728 -5.072 0.956 1.047 0.020 9.386 3.330
11.190 0.627 -5.055 0.847 1.047 0.020 9.392 3.341
11.200 0.526 -5.040 0.735 1.047 0.020 9.398 3.350
11.209 0.425 -5.028 0.621 1.047 0.020 9.402 3.358
11.215 0.325 -5.018 0.506 1.047 0.020 9.405 3.363
11.220 0.227 -4.882 6.780 1.047 0.020 9.407 3.367
11.223 0.142 -4.249 31.661 1.047 0.020 9.409 3.370
11.224 0.077 -3.246 50.149 1.047 0.020 9.410 3.371
11.225 0.032 -2.245 50.062 1.047 0.020 9.410 3.372
11.225 0.007 -1.244 50.018 1.047 0.020 9.410 3.372
11.225 0.000 -0.372 43.613 1.047 0.020 9.410 3.372
