BlueLoading
168
0.000 0.020 1.000 50.000 0.000 0.020 0.000 1.099
0.001 0.040 1.000 -0.004 0.000 0.020 0.001 1.099
0.003 0.090 2.499 74.979 0.000 0.020 0.003 1.099
0.006 0.160 3.498 49.933 0.000 0.020 0.006 1.099
0.011 0.250 4.495 49.846 0.000 0.020 0.011 1.099
0.018 0.350 4.990 24.735 0.000 0.020 0.018 1.099
0.027 0.449 4.983 -0.363 0.000 0.020 0.027 1.099
0.038 0.549 4.973 -0.464 0.000 0.020 0.038 1.099
0.051 0.648 4.962 -0.565 0.000 0.020 0.051 1.099
0.066 0.747 4.949 -0.663 0.000 0.020 0.066 1.099
0.083 0.846 4.933 -0.760 0.000 0.020 0.083 1.099
0.102 0.944 4.916 -0.854 0.000 0.020 0.102 1.099
0.122 1.042 4.897 -0.947 0.000 0.020 0.122 1.099
0.145 1.139 4.877 -1.037 0.001 0.020 0.145 1.099
0.170 1.237 4.854 -1.124 0.001 0.020 0.170 1.099
0.197 1.333 4.830 -1.210 0.001 0.020 0.197 1.099
0.225 1.429 4.804 -1.293 0.002 0.020 0.225 1.099
0.256 1.525 4.777 -1.374 0.002 0.020 0.256 1.099
0.288 1.620 4.748 -1.454 0.003 0.020 0.288 1.099
0.322 1.714 4.717 -1.531 0.003 0.020 0.322 1.099
0.359 1.808 4.685 -1.608 0.004 0.020 0.359 1.099
0.397 1.901 4.651 -1.683 0.005 0.020 0.397 1.100
0.436 1.993 4.616 -1.758 0.006 0.020 0.436 1.100
0.478 2.085 4.579 -1.832 0.007 0.020 0.478 1.100
0.522 2.176 4.541 -1.907 0.009 0.020 0.522 1.100
0.567 2.266 4.502 -1.983 0.010 0.020 0.567 1.101
0.614 2.355 4.460 -2.060 0.012 0.020 0.614 1.101
0.663 2.443 4.418 -2.139 0.014 0.020 0.663 1.102
0.714 2.531 4.373 -2.221 0.016 0.020 0.714 1.103
0.766 2.617 4.327 -2.305 0.018 0.020 0.766 1.104
0.820 2.703 4.279 -2.393 0.021 0.020 0.820 1.105
0.876 2.787 4.230 -2.484 0.024 0.020 0.876 1.106
0.933 2.871 4.178 -2.581 0.027 0.020 0.933 1.107
0.992 2.953 4.124 -2.682 0.031 0.020 0.992 1.109
1.053 3.035 4.069 -2.788 0.035 0.020 1.053 1.111
1.115 3.115 4.011 -2.899 0.039 0.020 1.115 1.113
1.179 3.194 3.950 -3.016 0.044 0.020 1.179 1.116
1.244 3.272 3.887 -3.139 0.049 0.020 1.244 1.119
1.311 3.348 3.822 -3.267 0.054 0.020 1.311 1.123
1.380 3.423 3.754 -3.399 0.060 0.020 1.379 1.126
1.450 3.497 3.683 -3.535 0.067 0.020 1.449 1.131
1.521 3.569 3.610 -3.674 0.074 0.020 1.520 1.136
1.594 3.640 3.534 -3.813 0.081 0.020 1.593 1.141
1.668 3.709 3.455 -3.951 0.089 0.020 1.667 1.148
1.744 3.776 3.373 -4.084 0.098 0.020 1.742 1.155
1.821 3.842 3.289 -4.209 0.107 0.020 1.819 1.163
1.899 3.906 3.202 -4.320 0.117 0.020 1.896 1.171
1.978 3.968 3.114 -4.411 0.127 0.020 1.975 1.181
2.059 4.029 3.025 -4.476 0.139 0.020 2.055 1.192
2.140 4.088 2.935 -4.505 0.151 0.020 2.136 1.203
2.223 4.136 2.419 -25.775 0.164 0.020 2.217 1.216
2.306 4.166 1.495 -46.217 0.177 0.020 2.300 1.231
2.390 4.178 0.598 -44.820 0.191 0.020 2.382 1.246
2.473 4.172 -0.268 -43.335 0.206 0.020 2.463 1.262
2.556 4.150 -1.104 -41.790 0.222 0.020 2.545 1.280
2.639 4.120 -1.498 -19.691 0.238 0.020 2.625 1.299
2.721 4.091 -1.465 1.674 0.254 0.020 2.704 1.319
2.802 4.063 -1.423 2.095 0.271 0.020 2.783 1.340
2.883 4.035 -1.372 2.548 0.289 0.020 2.860 1.362
2.963 4.009 -1.311 3.029 0.307 0.020 2.937 1.386
3.042 3.984 -1.240 3.529 0.325 0.020 3.013 1.410
3.122 3.961 -1.160 4.042 0.344 0.020 3.087 1.436
3.200 3.940 -1.068 4.558 0.364 0.020 3.161 1.464
3.279 3.920 -0.967 5.065 0.383 0.020 3.234 1.492
3.357 3.903 -0.856 5.552 0.403 0.020 3.306 1.522
3.435 3.888 -0.736 6.007 0.423 0.020 3.378 1.553
3.512 3.876 -0.608 6.417 0.444 0.020 3.448 1.586
3.590 3.867 -0.472 6.771 0.464 0.020 3.518 1.620
3.667 3.860 -0.331 7.058 0.485 0.020 3.586 1.655
3.744 3.856 -0.186 7.268 0.506 0.020 3.654 1.692
3.821 3.856 -0.038 7.395 0.527 0.020 3.721 1.730
3.898 3.858 0.111 7.434 0.548 0.020 3.787 1.769
3.975 3.863 0.259 7.383 0.568 0.020 3.853 1.810
4.053 3.871 0.403 7.244 0.589 0.020 3.918 1.853
4.130 3.882 0.544 7.020 0.609 0.020 3.982 1.896
4.208 3.896 0.678 6.719 0.629 0.020 4.045 1.942
4.287 3.912 0.805 6.348 0.649 0.020 4.108 1.988
4.365 3.930 0.924 5.919 0.669 0.020 4.170 2.036
4.444 3.951 1.032 5.442 0.688 0.020 4.232 2.086
4.524 3.973 1.131 4.931 0.706 0.020 4.293 2.137
4.604 3.998 1.219 4.397 0.725 0.020 4.353 2.189
4.684 4.024 1.296 3.852 0.742 0.020 4.413 2.243
4.765 4.051 1.362 3.307 0.760 0.020 4.472 2.299
4.847 4.079 1.418 2.773 0.776 0.020 4.531 2.355
4.929 4.109 1.463 2.256 0.793 0.020 4.589 2.413
5.012 4.139 1.498 1.764 0.808 0.020 4.647 2.473
5.095 4.169 1.524 1.302 0.823 0.020 4.704 2.533
5.179 4.200 1.541 0.874 0.838 0.020 4.760 2.596
5.264 4.231 1.551 0.483 0.852 0.020 4.816 2.659
5.349 4.262 1.554 0.128 0.865 0.020 4.872 2.723
5.435 4.293 1.550 -0.188 0.878 0.020 4.927 2.789
5.521 4.324 1.541 -0.468 0.891 0.020 4.982 2.856
5.608 4.354 1.526 -0.713 0.902 0.020 5.037 2.924
5.696 4.384 1.508 -0.924 0.913 0.020 5.091 2.993
5.784 4.414 1.486 -1.105 0.924 0.020 5.144 3.063
5.873 4.443 1.461 -1.256 0.934 0.020 5.197 3.134
5.963 4.472 1.433 -1.382 0.944 0.020 5.250 3.207
6.053 4.500 1.403 -1.485 0.953 0.020 5.303 3.280
6.143 4.528 1.372 -1.568 0.962 0.020 5.355 3.354
6.234 4.554 1.339 -1.633 0.970 0.020 5.407 3.429
6.326 4.580 1.306 -1.683 0.977 0.020 5.458 3.505
6.418 4.606 1.271 -1.720 0.985 0.020 5.509 3.581
6.511 4.631 1.236 -1.746 0.991 0.020 5.560 3.658
6.604 4.655 1.201 -1.763 0.998 0.020 5.611 3.736
6.697 4.678 1.165 -1.774 1.003 0.020 5.662 3.815
6.791 4.701 1.130 -1.779 1.009 0.020 5.712 3.895
6.886 4.722 1.094 -1.781 1.014 0.020 5.762 3.975
6.981 4.744 1.059 -1.780 1.019 0.020 5.812 4.055
7.076 4.764 1.023 -1.777 1.023 0.020 5.862 4.137
7.172 4.784 0.988 -1.775 1.027 0.020 5.911 4.218
7.268 4.803 0.952 -1.773 1.030 0.020 5.961 4.301
7.364 4.821 0.917 -1.773 1.034 0.020 6.010 4.383
7.461 4.831 0.486 -21.522 1.037 0.020 6.060 4.466
7.557 4.822 -0.436 -46.115 1.039 0.020 6.109 4.549
7.653 4.793 -1.460 -51.194 1.041 0.020 6.157 4.632
7.748 4.743 -2.495 -51.738 1.043 0.020 6.205 4.714
7.841 4.672 -3.539 -52.201 1.045 0.020 6.252 4.795
7.933 4.589 -4.189 -32.535 1.047 0.020 6.298 4.874
8.023 4.502 -4.349 -7.973 1.048 0.020 6.343 4.952
8.111 4.413 -4.413 -3.229 1.049 0.020 6.387 5.029
8.198 4.324 -4.474 -3.027 1.050 0.020 6.430 5.104
8.282 4.233 -4.531 -2.834 1.050 0.020 6.472 5.177
8.365 4.142 -4.584 -2.648 1.051 0.020 6.513 5.249
8.446 4.049 -4.633 -2.468 1.051 0.020 6.554 5.319
8.525 3.955 -4.679 -2.295 1.051 0.020 6.593 5.388
8.603 3.861 -4.721 -2.129 1.052 0.020 6.631 5.455
8.678 3.766 -4.761 -1.968 1.052 0.020 6.669 5.520
8.751 3.670 -4.797 -1.812 1.052 0.020 6.705 5.584
8.823 3.573 -4.830 -1.662 1.051 0.020 6.741 5.646
8.892 3.476 -4.861 -1.518 1.051 0.020 6.775 5.707
8.960 3.378 -4.888 -1.379 1.051 0.020 6.809 5.765
9.025 3.280 -4.913 -1.245 1.051 0.020 6.841 5.822
9.089 3.181 -4.935 -1.117 1.051 0.020 6.873 5.877
9.151 3.082 -4.955 -0.995 1.050 0.020 6.903 5.931
9.210 2.983 -4.973 -0.878 1.050 0.020 6.933 5.983
9.268 2.883 -4.988 -0.767 1.050 0.020 6.962 6.033
9.324 2.783 -5.002 -0.662 1.050 0.020 6.989 6.081
9.377 2.683 -5.013 -0.563 1.049 0.020 7.016 6.127
9.429 2.582 -5.022 -0.470 1.049 0.020 7.042 6.172
9.479 2.481 -5.030 -0.384 1.049 0.020 7.067 6.215
9.526 2.381 -5.036 -0.304 1.049 0.020 7.090 6.256
9.572 2.280 -5.041 -0.230 1.049 0.020 7.113 6.296
9.615 2.179 -5.044 -0.163 1.048 0.020 7.135 6.334
9.657 2.078 -5.046 -0.102 1.048 0.020 7.156 6.370
9.697 1.977 -5.047 -0.047 1.048 0.020 7.175 6.404
9.734 1.876 -5.047 0.001 1.048 0.020 7.194 6.437
9.770 1.775 -5.046 0.044 1.048 0.020 7.212 6.467
9.803 1.674 -5.044 0.080 1.048 0.020 7.229 6.496
9.835 1.574 -5.042 0.110 1.048 0.020 7.244 6.524
9.864 1.473 -5.039 0.135 1.047 0.020 7.259 6.549
9.891 1.372 -5.036 0.154 1.047 0.020 7.273 6.573
9.917 1.271 -5.033 0.168 1.047 0.020 7.285 6.595
9.940 1.171 -5.029 0.177 1.047 0.020 7.297 6.615
9.962 1.070 -5.026 0.182 1.047 0.020 7.308 6.634
9.981 0.970 -5.022 0.181 1.047 0.020 7.317 6.651
9.998 0.870 -5.019 0.177 1.047 0.020 7.326 6.666
10.014 0.769 -5.015 0.169 1.047 0.020 7.334 6.679
10.027 0.669 -5.012 0.158 1.047 0.020 7.341 6.691
10.039 0.569 -5.009 0.144 1.047 0.020 7.346 6.700
10.048 0.469 -5.007 0.127 1.047 0.020 7.351 6.708
10.055 0.369 -5.004 0.108 1.047 0.020 7.355 6.715
10.061 0.269 -5.003 0.087 1.047 0.020 7.357 6.720
10.064 0.177 -4.594 20.434 1.047 0.020 7.359 6.723
10.066 0.103 -3.686 45.409 1.047 0.020 7.360 6.724
10.067 0.049 -2.685 50.019 1.047 0.020 7.361 6.725
10.068 0.016 -1.685 50.007 1.047 0.020 7.361 6.725
10.068 0.002 -0.685 50.001 1.047 0.020 7.361 6.726
10.068 0.000 -0.093 29.632 1.047 0.020 7.361 6.726
0.000 0.020 1.000 50.000 0.000 0.020 0.000 -1.099
0.001 0.040 1.000 0.004 0.000 0.020 0.001 -1.099
0.003 0.090 2.501 75.021 0.000 0.020 0.003 -1.099
0.006 0.160 3.502 50.067 0.000 0.020 0.006 -1.099
0.011 0.250 4.505 50.154 0.000 0.020 0.011 -1.099
0.018 0.350 5.010 25.265 0.000 0.020 0.018 -1.099
0.027 0.451 5.017 0.363 0.000 0.020 0.027 -1.099
0.038 0.551 5.027 0.464 0.000 0.020 0.038 -1.099
0.051 0.652 5.038 0.565 0.000 0.020 0.051 -1.099
0.066 0.753 5.051 0.663 0.000 0.020 0.066 -1.099
0.083 0.854 5.067 0.760 0.000 0.020 0.083 -1.099
0.102 0.956 5.084 0.854 0.000 0.020 0.102 -1.099
0.124 1.058 5.103 0.947 0.000 0.020 0.124 -1.099
0.147 1.161 5.123 1.037 0.001 0.020 0.147 -1.099
0.172 1.263 5.146 1.124 0.001 0.020 0.172 -1.099
0.199 1.367 5.170 1.210 0.001 0.020 0.199 -1.099
0.229 1.471 5.196 1.293 0.002 0.020 0.229 -1.099
0.260 1.575 5.223 1.374 0.002 0.020 0.260 -1.099
0.294 1.680 5.252 1.454 0.003 0.020 0.294 -1.099
0.330 1.786 5.283 1.531 0.003 0.020 0.330 -1.099
0.367 1.892 5.315 1.608 0.004 0.020 0.367 -1.098
0.407 1.999 5.349 1.683 0.005 0.020 0.407 -1.098
0.450 2.107 5.384 1.758 0.006 0.020 0.450 -1.098
0.494 2.215 5.421 1.832 0.007 0.020 0.494 -1.098
0.540 2.324 5.459 1.907 0.009 0.020 0.540 -1.097
0.589 2.434 5.498 1.983 0.010 0.020 0.589 -1.097
0.640 2.545 5.540 2.060 0.012 0.020 0.640 -1.096
0.693 2.657 5.582 2.139 0.014 0.020 0.693 -1.096
0.748 2.769 5.627 2.221 0.016 0.020 0.748 -1.095
0.806 2.883 5.673 2.305 0.018 0.020 0.806 -1.094
0.866 2.997 5.721 2.393 0.021 0.020 0.866 -1.093
0.928 3.113 5.770 2.484 0.024 0.020 0.928 -1.091
0.993 3.229 5.822 2.580 0.027 0.020 0.993 -1.090
1.060 3.347 5.876 2.681 0.031 0.020 1.060 -1.088
1.129 3.465 5.931 2.787 0.035 0.020 1.129 -1.085
1.201 3.585 5.989 2.899 0.039 0.020 1.201 -1.083
1.275 3.706 6.050 3.016 0.044 0.020 1.275 -1.080
1.352 3.828 6.113 3.138 0.049 0.020 1.351 -1.076
1.431 3.952 6.178 3.266 0.054 0.020 1.430 -1.072
1.512 4.077 6.246 3.398 0.060 0.020 1.512 -1.068
1.596 4.203 6.316 3.534 0.067 0.020 1.595 -1.062
1.683 4.331 6.390 3.673 0.074 0.020 1.682 -1.056
1.772 4.460 6.466 3.812 0.081 0.020 1.771 -1.049
1.864 4.591 6.545 3.950 0.089 0.020 1.862 -1.041
1.958 4.724 6.627 4.083 0.098 0.020 1.956 -1.033
2.055 4.858 6.711 4.207 0.107 0.020 2.053 -1.023
2.155 4.994 6.797 4.318 0.117 0.020 2.152 -1.012
2.258 5.132 6.886 4.409 0.127 0.020 2.254 -0.999
2.363 5.271 6.975 4.474 0.139 0.020 2.359 -0.985
2.472 5.412 7.065 4.503 0.151 0.020 2.466 -0.970
2.583 5.544 6.581 -24.227 0.164 0.020 2.575 -0.952
2.696 5.654 5.505 -53.783 0.177 0.020 2.687 -0.933
2.810 5.742 4.401 -55.180 0.191 0.020 2.800 -0.912
2.927 5.807 3.268 -56.664 0.206 0.020 2.913 -0.889
3.044 5.850 2.104 -58.208 0.222 0.020 3.028 -0.864
3.161 5.880 1.498 -30.308 0.238 0.020 3.142 -0.837
3.279 5.909 1.464 -1.674 0.254 0.020 3.257 -0.809
3.398 5.937 1.422 -2.095 0.271 0.020 3.372 -0.778
3.517 5.965 1.371 -2.548 0.289 0.020 3.486 -0.745
3.637 5.991 1.311 -3.029 0.307 0.020 3.601 -0.710
3.758 6.016 1.240 -3.529 0.325 0.020 3.715 -0.672
3.878 6.039 1.159 -4.042 0.344 0.020 3.829 -0.633
4.000 6.060 1.068 -4.557 0.364 0.020 3.943 -0.591
4.121 6.080 0.967 -5.064 0.383 0.020 4.056 -0.546
4.243 6.097 0.856 -5.551 0.403 0.020 4.169 -0.500
4.365 6.111 0.736 -6.005 0.423 0.020 4.281 -0.450
4.488 6.124 0.607 -6.416 0.444 0.020 4.392 -0.399
4.610 6.133 0.472 -6.769 0.464 0.020 4.502 -0.345
4.733 6.140 0.331 -7.056 0.485 0.020 4.611 -0.289
4.856 6.143 0.186 -7.266 0.506 0.020 4.719 -0.231
4.979 6.144 0.038 -7.393 0.527 0.020 4.826 -0.170
5.102 6.142 -0.111 -7.432 0.548 0.020 4.932 -0.107
5.224 6.137 -0.258 -7.381 0.568 0.020 5.036 -0.042
5.347 6.129 -0.403 -7.242 0.589 0.020 5.138 0.025
5.469 6.118 -0.544 -7.018 0.609 0.020 5.240 0.094
5.592 6.104 -0.678 -6.717 0.629 0.020 5.339 0.165
5.713 6.088 -0.805 -6.346 0.649 0.020 5.437 0.237
5.835 6.070 -0.923 -5.917 0.669 0.020 5.533 0.312
5.956 6.049 -1.032 -5.441 0.688 0.020 5.627 0.388
6.076 6.026 -1.131 -4.930 0.706 0.020 5.719 0.465
6.196 6.002 -1.219 -4.396 0.725 0.020 5.810 0.544
6.316 5.976 -1.296 -3.851 0.742 0.020 5.899 0.624
6.435 5.949 -1.362 -3.307 0.760 0.020 5.986 0.705
6.553 5.921 -1.417 -2.772 0.776 0.020 6.071 0.787
6.671 5.891 -1.462 -2.256 0.793 0.020 6.154 0.870
6.788 5.861 -1.498 -1.764 0.808 0.020 6.236 0.955
6.905 5.831 -1.524 -1.302 0.823 0.020 6.316 1.039
7.021 5.800 -1.541 -0.875 0.838 0.020 6.394 1.125
7.136 5.769 -1.551 -0.483 0.852 0.020 6.471 1.211
7.251 5.738 -1.553 -0.129 0.865 0.020 6.546 1.298
7.365 5.707 -1.550 0.188 0.878 0.020 6.619 1.386
7.479 5.676 -1.540 0.468 0.891 0.020 6.691 1.473
7.592 5.646 -1.526 0.712 0.902 0.020 6.761 1.562
7.704 5.615 -1.508 0.924 0.913 0.020 6.831 1.650
7.816 5.586 -1.485 1.104 0.924 0.020 6.898 1.739
7.927 5.557 -1.460 1.256 0.934 0.020 6.965 1.828
8.037 5.528 -1.433 1.382 0.944 0.020 7.030 1.917
8.147 5.500 -1.403 1.485 0.953 0.020 7.094 2.007
8.257 5.472 -1.372 1.567 0.962 0.020 7.157 2.096
8.366 5.446 -1.339 1.632 0.970 0.020 7.219 2.186
8.474 5.420 -1.305 1.682 0.977 0.020 7.280 2.275
8.582 5.394 -1.271 1.719 0.985 0.020 7.340 2.365
8.689 5.369 -1.236 1.745 0.991 0.020 7.399 2.455
8.796 5.345 -1.201 1.763 0.998 0.020 7.458 2.544
8.903 5.322 -1.165 1.773 1.003 0.020 7.515 2.634
9.009 5.299 -1.130 1.779 1.009 0.020 7.572 2.723
9.114 5.278 -1.094 1.780 1.014 0.020 7.628 2.813
9.219 5.256 -1.059 1.779 1.019 0.020 7.683 2.902
9.324 5.236 -1.023 1.777 1.023 0.020 7.738 2.992
9.428 5.216 -0.988 1.775 1.027 0.020 7.792 3.081
9.532 5.197 -0.952 1.773 1.030 0.020 7.846 3.170
9.636 5.179 -0.917 1.773 1.034 0.020 7.899 3.259
9.739 5.153 -1.301 -19.216 1.037 0.020 7.951 3.347
9.841 5.109 -2.193 -44.622 1.039 0.020 8.003 3.435
9.942 5.046 -3.170 -48.806 1.041 0.020 8.054 3.522
10.041 4.963 -4.135 -48.262 1.043 0.020 8.104 3.608
10.138 4.861 -5.091 -47.799 1.045 0.020 8.153 3.692
10.233 4.749 -5.625 -26.728 1.047 0.020 8.201 3.774
10.326 4.635 -5.651 -1.291 1.048 0.020 8.247 3.855
10.417 4.524 -5.587 3.229 1.049 0.020 8.292 3.933
10.505 4.413 -5.526 3.027 1.050 0.020 8.336 4.009
10.591 4.304 -5.469 2.834 1.050 0.020 8.379 4.084
10.675 4.196 -5.416 2.648 1.051 0.020 8.421 4.157
10.757 4.088 -5.367 2.468 1.051 0.020 8.461 4.228
10.836 3.982 -5.321 2.295 1.051 0.020 8.501 4.297
10.914 3.876 -5.279 2.129 1.052 0.020 8.539 4.364
10.989 3.771 -5.239 1.968 1.052 0.020 8.577 4.430
11.063 3.667 -5.203 1.812 1.052 0.020 8.613 4.494
11.134 3.564 -5.170 1.662 1.051 0.020 8.649 4.555
11.203 3.461 -5.139 1.518 1.051 0.020 8.683 4.615
11.270 3.359 -5.112 1.379 1.051 0.020 8.716 4.674
11.335 3.257 -5.087 1.245 1.051 0.020 8.749 4.730
11.398 3.156 -5.065 1.117 1.051 0.020 8.780 4.785
11.460 3.055 -5.045 0.995 1.050 0.020 8.810 4.838
11.519 2.954 -5.027 0.878 1.050 0.020 8.840 4.889
11.576 2.854 -5.012 0.767 1.050 0.020 8.868 4.939
11.631 2.754 -4.998 0.662 1.050 0.020 8.896 4.987
11.684 2.655 -4.987 0.563 1.049 0.020 8.922 5.033
11.735 2.555 -4.978 0.470 1.049 0.020 8.948 5.077
11.784 2.456 -4.970 0.384 1.049 0.020 8.972 5.120
11.831 2.356 -4.964 0.304 1.049 0.020 8.995 5.160
11.876 2.257 -4.959 0.230 1.049 0.020 9.018 5.200
11.920 2.158 -4.956 0.163 1.048 0.020 9.040 5.237
11.961 2.059 -4.954 0.102 1.048 0.020 9.060 5.273
12.000 1.960 -4.953 0.047 1.048 0.020 9.080 5.307
12.037 1.861 -4.953 -0.001 1.048 0.020 9.098 5.339
12.072 1.762 -4.954 -0.044 1.048 0.020 9.116 5.369
12.106 1.663 -4.956 -0.080 1.048 0.020 9.132 5.398
12.137 1.563 -4.958 -0.110 1.048 0.020 9.148 5.425
12.166 1.464 -4.961 -0.135 1.047 0.020 9.163 5.451
12.194 1.365 -4.964 -0.154 1.047 0.020 9.176 5.474
12.219 1.266 -4.967 -0.168 1.047 0.020 9.189 5.496
12.242 1.166 -4.971 -0.177 1.047 0.020 9.201 5.516
12.263 1.067 -4.974 -0.182 1.047 0.020 9.211 5.535
12.283 0.967 -4.978 -0.181 1.047 0.020 9.221 5.552
12.300 0.867 -4.981 -0.177 1.047 0.020 9.230 5.567
12.316 0.768 -4.985 -0.169 1.047 0.020 9.237 5.580
12.329 0.668 -4.988 -0.158 1.047 0.020 9.244 5.592
12.340 0.568 -4.991 -0.144 1.047 0.020 9.250 5.601
12.350 0.468 -4.993 -0.127 1.047 0.020 9.254 5.610
12.357 0.368 -4.996 -0.108 1.047 0.020 9.258 5.616
12.362 0.268 -4.997 -0.087 1.047 0.020 9.261 5.621
12.366 0.177 -4.591 20.303 1.047 0.020 9.263 5.624
12.368 0.103 -3.685 45.328 1.047 0.020 9.264 5.625
12.369 0.049 -2.685 49.981 1.047 0.020 9.264 5.626
12.369 0.016 -1.685 49.993 1.047 0.020 9.264 5.627
12.369 0.002 -0.685 49.999 1.047 0.020 9.264 5.627
12.369 0.000 -0.093 29.631 1.047 0.020 9.264 5.627
