BlueCenterVision
113
0.000 0.020 1.000 50.000 0.000 0.020 0.000 1.099
0.001 0.040 1.000 -0.005 0.000 0.020 0.001 1.099
0.003 0.090 2.499 74.974 0.000 0.020 0.003 1.099
0.006 0.160 3.498 49.917 0.000 0.020 0.006 1.099
0.011 0.250 4.494 49.810 0.000 0.020 0.011 1.099
0.018 0.350 4.987 24.675 0.000 0.020 0.018 1.099
0.027 0.449 4.979 -0.442 0.000 0.020 0.027 1.099
0.038 0.548 4.967 -0.560 0.000 0.020 0.038 1.099
0.051 0.648 4.954 -0.672 0.000 0.020 0.051 1.099
0.066 0.746 4.938 -0.777 0.000 0.020 0.066 1.099
0.083 0.845 4.921 -0.874 0.000 0.020 0.083 1.099
0.102 0.943 4.902 -0.961 0.000 0.020 0.102 1.099
0.122 1.040 4.881 -1.037 0.001 0.020 0.122 1.099
0.145 1.138 4.859 -1.101 0.001 0.020 0.145 1.099
0.170 1.234 4.836 -1.153 0.001 0.020 0.170 1.099
0.196 1.331 4.812 -1.191 0.001 0.020 0.196 1.099
0.225 1.426 4.788 -1.215 0.002 0.020 0.225 1.099
0.255 1.522 4.763 -1.223 0.002 0.020 0.255 1.099
0.288 1.616 4.739 -1.215 0.003 0.020 0.288 1.099
0.322 1.711 4.715 -1.190 0.004 0.020 0.322 1.099
0.358 1.804 4.692 -1.148 0.005 0.020 0.358 1.100
0.396 1.898 4.671 -1.089 0.005 0.020 0.396 1.100
0.436 1.991 4.650 -1.011 0.007 0.020 0.436 1.100
0.477 2.084 4.632 -0.915 0.008 0.020 0.477 1.100
0.521 2.176 4.616 -0.801 0.009 0.020 0.521 1.101
0.566 2.268 4.603 -0.669 0.011 0.020 0.566 1.101
0.614 2.360 4.592 -0.519 0.012 0.020 0.614 1.102
0.663 2.451 4.585 -0.351 0.014 0.020 0.663 1.102
0.713 2.543 4.582 -0.165 0.016 0.020 0.713 1.103
0.766 2.635 4.583 0.037 0.018 0.020 0.766 1.104
0.821 2.727 4.588 0.255 0.020 0.020 0.821 1.105
0.877 2.818 4.597 0.488 0.023 0.020 0.877 1.106
0.935 2.911 4.612 0.734 0.025 0.020 0.935 1.108
0.995 3.003 4.632 0.993 0.028 0.020 0.995 1.109
1.057 3.096 4.657 1.262 0.031 0.020 1.057 1.111
1.121 3.190 4.688 1.540 0.034 0.020 1.121 1.113
1.187 3.285 4.725 1.824 0.037 0.020 1.187 1.115
1.254 3.380 4.767 2.112 0.040 0.020 1.254 1.118
1.324 3.476 4.815 2.401 0.043 0.020 1.324 1.121
1.395 3.574 4.869 2.689 0.046 0.020 1.395 1.124
1.469 3.672 4.928 2.972 0.049 0.020 1.468 1.127
1.544 3.772 4.993 3.246 0.053 0.020 1.544 1.131
1.622 3.873 5.063 3.509 0.056 0.020 1.621 1.136
1.701 3.976 5.138 3.756 0.059 0.020 1.700 1.140
1.783 4.081 5.218 3.984 0.062 0.020 1.782 1.145
1.867 4.187 5.302 4.188 0.065 0.020 1.865 1.150
1.952 4.294 5.389 4.365 0.068 0.020 1.951 1.156
2.041 4.404 5.479 4.509 0.071 0.020 2.039 1.162
2.131 4.515 5.571 4.616 0.073 0.020 2.129 1.169
2.223 4.629 5.665 4.682 0.075 0.020 2.221 1.175
2.318 4.734 5.269 -19.799 0.077 0.020 2.316 1.183
2.415 4.822 4.373 -44.829 0.079 0.020 2.412 1.190
2.512 4.891 3.457 -45.776 0.080 0.020 2.509 1.198
2.611 4.941 2.520 -46.847 0.081 0.020 2.608 1.206
2.711 4.972 1.560 -48.011 0.081 0.020 2.707 1.214
2.810 4.994 1.076 -24.209 0.081 0.020 2.807 1.222
2.911 5.015 1.078 0.110 0.081 0.020 2.907 1.230
3.011 5.033 0.859 -10.931 0.081 0.020 3.007 1.238
3.112 5.035 0.123 -36.833 0.079 0.020 3.107 1.246
3.212 5.016 -0.927 -52.487 0.078 0.020 3.207 1.254
3.312 4.976 -1.999 -53.615 0.076 0.020 3.307 1.262
3.410 4.915 -3.092 -54.637 0.074 0.020 3.405 1.269
3.507 4.835 -3.985 -44.659 0.072 0.020 3.501 1.276
3.602 4.747 -4.374 -19.451 0.069 0.020 3.596 1.283
3.695 4.658 -4.468 -4.659 0.067 0.020 3.689 1.289
3.786 4.567 -4.559 -4.575 0.064 0.020 3.780 1.295
3.876 4.474 -4.648 -4.452 0.061 0.020 3.869 1.301
3.963 4.379 -4.734 -4.294 0.058 0.020 3.957 1.306
4.049 4.283 -4.816 -4.105 0.054 0.020 4.042 1.311
4.133 4.185 -4.894 -3.891 0.051 0.020 4.126 1.315
4.215 4.086 -4.967 -3.654 0.048 0.020 4.207 1.319
4.294 3.985 -5.035 -3.400 0.045 0.020 4.287 1.323
4.372 3.883 -5.098 -3.132 0.042 0.020 4.364 1.326
4.448 3.780 -5.155 -2.853 0.038 0.020 4.440 1.329
4.521 3.676 -5.206 -2.568 0.035 0.020 4.513 1.332
4.592 3.571 -5.252 -2.279 0.032 0.020 4.585 1.335
4.662 3.465 -5.291 -1.990 0.030 0.020 4.654 1.337
4.729 3.358 -5.325 -1.704 0.027 0.020 4.721 1.339
4.794 3.251 -5.354 -1.422 0.024 0.020 4.786 1.340
4.857 3.144 -5.377 -1.148 0.022 0.020 4.849 1.342
4.918 3.036 -5.395 -0.883 0.019 0.020 4.910 1.343
4.976 2.928 -5.407 -0.629 0.017 0.020 4.968 1.344
5.032 2.820 -5.415 -0.388 0.015 0.020 5.025 1.345
5.087 2.711 -5.418 -0.162 0.013 0.020 5.079 1.346
5.139 2.603 -5.417 0.050 0.012 0.020 5.131 1.346
5.189 2.495 -5.412 0.245 0.010 0.020 5.181 1.347
5.236 2.386 -5.404 0.423 0.009 0.020 5.229 1.347
5.282 2.279 -5.392 0.584 0.007 0.020 5.274 1.348
5.325 2.171 -5.378 0.727 0.006 0.020 5.318 1.348
5.367 2.064 -5.361 0.851 0.005 0.020 5.359 1.348
5.406 1.957 -5.341 0.957 0.004 0.020 5.398 1.348
5.443 1.851 -5.320 1.045 0.003 0.020 5.435 1.349
5.478 1.745 -5.298 1.115 0.003 0.020 5.470 1.349
5.510 1.639 -5.275 1.167 0.002 0.020 5.503 1.349
5.541 1.534 -5.251 1.202 0.002 0.020 5.533 1.349
5.570 1.430 -5.226 1.220 0.001 0.020 5.562 1.349
5.596 1.326 -5.202 1.221 0.001 0.020 5.589 1.349
5.621 1.222 -5.178 1.206 0.001 0.020 5.613 1.349
5.643 1.119 -5.154 1.176 0.000 0.020 5.635 1.349
5.663 1.016 -5.132 1.133 0.000 0.020 5.656 1.349
5.682 0.914 -5.110 1.075 0.000 0.020 5.674 1.349
5.698 0.812 -5.090 1.006 0.000 0.020 5.690 1.349
5.712 0.711 -5.072 0.925 0.000 0.020 5.704 1.349
5.724 0.610 -5.055 0.834 0.000 0.020 5.717 1.349
5.735 0.509 -5.040 0.733 0.000 0.020 5.727 1.349
5.743 0.408 -5.028 0.625 0.000 0.020 5.735 1.349
5.749 0.308 -5.017 0.510 0.000 0.020 5.741 1.349
5.753 0.212 -4.798 10.954 0.000 0.020 5.745 1.349
5.756 0.130 -4.082 35.826 0.000 0.020 5.748 1.349
5.757 0.069 -3.079 50.140 0.000 0.020 5.749 1.349
5.758 0.027 -2.078 50.056 0.000 0.020 5.750 1.349
5.758 0.006 -1.078 50.016 6.283 0.020 5.750 1.349
5.758 0.000 -0.289 39.443 6.283 0.020 5.750 1.349
0.000 0.020 1.000 50.000 0.000 0.020 0.000 -1.099
0.001 0.040 1.000 0.005 0.000 0.020 0.001 -1.099
0.003 0.090 2.501 75.026 0.000 0.020 0.003 -1.099
0.006 0.160 3.502 50.083 0.000 0.020 0.006 -1.099
0.011 0.250 4.506 50.190 0.000 0.020 0.011 -1.099
0.018 0.350 5.013 25.325 0.000 0.020 0.018 -1.099
0.027 0.451 5.021 0.442 0.000 0.020 0.027 -1.099
0.038 0.552 5.033 0.560 0.000 0.020 0.038 -1.099
0.051 0.652 5.046 0.672 0.000 0.020 0.051 -1.099
0.066 0.754 5.062 0.777 0.000 0.020 0.066 -1.099
0.083 0.855 5.079 0.874 0.000 0.020 0.083 -1.099
0.102 0.957 5.098 0.961 0.000 0.020 0.102 -1.099
0.124 1.060 5.119 1.037 0.001 0.020 0.124 -1.099
0.147 1.162 5.141 1.101 0.001 0.020 0.147 -1.099
0.172 1.266 5.164 1.153 0.001 0.020 0.172 -1.099
0.200 1.369 5.188 1.191 0.001 0.020 0.200 -1.099
0.229 1.474 5.212 1.215 0.002 0.020 0.229 -1.099
0.261 1.578 5.237 1.223 0.002 0.020 0.261 -1.099
0.294 1.684 5.261 1.215 0.003 0.020 0.294 -1.099
0.330 1.789 5.285 1.190 0.004 0.020 0.330 -1.099
0.368 1.896 5.308 1.148 0.005 0.020 0.368 -1.098
0.408 2.002 5.329 1.089 0.005 0.020 0.408 -1.098
0.450 2.109 5.350 1.011 0.007 0.020 0.450 -1.098
0.495 2.216 5.368 0.915 0.008 0.020 0.495 -1.098
0.541 2.324 5.384 0.801 0.009 0.020 0.541 -1.097
0.590 2.432 5.397 0.669 0.011 0.020 0.590 -1.097
0.640 2.540 5.408 0.519 0.012 0.020 0.640 -1.096
0.693 2.649 5.415 0.351 0.014 0.020 0.693 -1.095
0.749 2.757 5.418 0.165 0.016 0.020 0.749 -1.095
0.806 2.865 5.417 -0.037 0.018 0.020 0.806 -1.094
0.865 2.973 5.412 -0.255 0.020 0.020 0.865 -1.093
0.927 3.082 5.403 -0.488 0.023 0.020 0.927 -1.091
0.991 3.189 5.388 -0.734 0.025 0.020 0.991 -1.090
1.057 3.297 5.368 -0.993 0.028 0.020 1.057 -1.088
1.125 3.404 5.343 -1.262 0.031 0.020 1.125 -1.086
1.195 3.510 5.312 -1.540 0.034 0.020 1.195 -1.084
1.267 3.615 5.275 -1.824 0.037 0.020 1.267 -1.081
1.342 3.720 5.233 -2.112 0.040 0.020 1.341 -1.078
1.418 3.824 5.185 -2.401 0.043 0.020 1.418 -1.075
1.497 3.926 5.131 -2.689 0.046 0.020 1.496 -1.072
1.577 4.028 5.072 -2.972 0.049 0.020 1.577 -1.068
1.660 4.128 5.007 -3.246 0.053 0.020 1.659 -1.064
1.744 4.227 4.937 -3.509 0.056 0.020 1.744 -1.059
1.831 4.324 4.862 -3.756 0.059 0.020 1.830 -1.054
1.919 4.419 4.782 -3.984 0.062 0.020 1.918 -1.049
2.009 4.513 4.698 -4.188 0.065 0.020 2.008 -1.043
2.102 4.606 4.611 -4.365 0.068 0.020 2.100 -1.037
2.195 4.696 4.521 -4.509 0.071 0.020 2.194 -1.030
2.291 4.785 4.429 -4.616 0.073 0.020 2.289 -1.023
2.389 4.871 4.335 -4.682 0.075 0.020 2.386 -1.016
2.488 4.946 3.731 -30.201 0.077 0.020 2.485 -1.009
2.587 4.998 2.627 -55.171 0.079 0.020 2.585 -1.001
2.688 5.029 1.543 -54.224 0.080 0.020 2.685 -0.993
2.789 5.039 0.480 -53.153 0.081 0.020 2.785 -0.985
2.889 5.028 -0.560 -51.989 0.081 0.020 2.886 -0.977
2.990 5.006 -1.076 -25.791 0.081 0.020 2.985 -0.969
3.089 4.985 -1.078 -0.111 0.081 0.020 3.085 -0.960
3.188 4.959 -1.282 -10.187 0.081 0.020 3.184 -0.952
3.287 4.920 -1.967 -34.286 0.079 0.020 3.282 -0.945
3.384 4.861 -2.918 -47.513 0.078 0.020 3.379 -0.937
3.480 4.784 -3.845 -46.385 0.076 0.020 3.474 -0.930
3.573 4.689 -4.753 -45.363 0.074 0.020 3.568 -0.923
3.665 4.581 -5.437 -34.222 0.072 0.020 3.659 -0.916
3.754 4.468 -5.626 -9.430 0.069 0.020 3.748 -0.910
3.842 4.357 -5.532 4.659 0.067 0.020 3.835 -0.904
3.927 4.249 -5.441 4.575 0.064 0.020 3.920 -0.898
4.009 4.142 -5.352 4.452 0.061 0.020 4.003 -0.893
4.090 4.036 -5.266 4.294 0.058 0.020 4.083 -0.888
4.169 3.933 -5.184 4.105 0.054 0.020 4.162 -0.884
4.245 3.830 -5.106 3.891 0.051 0.020 4.238 -0.880
4.320 3.730 -5.033 3.654 0.048 0.020 4.313 -0.876
4.393 3.631 -4.965 3.400 0.045 0.020 4.385 -0.873
4.463 3.532 -4.902 3.132 0.042 0.020 4.456 -0.870
4.532 3.436 -4.845 2.853 0.038 0.020 4.524 -0.867
4.599 3.340 -4.794 2.568 0.035 0.020 4.591 -0.864
4.664 3.245 -4.748 2.279 0.032 0.020 4.656 -0.862
4.727 3.151 -4.709 1.990 0.030 0.020 4.719 -0.860
4.788 3.057 -4.674 1.704 0.027 0.020 4.780 -0.858
4.847 2.964 -4.646 1.422 0.024 0.020 4.839 -0.857
4.905 2.872 -4.623 1.148 0.022 0.020 4.897 -0.856
4.960 2.780 -4.605 0.883 0.019 0.020 4.952 -0.854
5.014 2.688 -4.593 0.629 0.017 0.020 5.006 -0.854
5.066 2.596 -4.585 0.388 0.015 0.020 5.058 -0.853
5.116 2.504 -4.582 0.161 0.013 0.020 5.108 -0.852
5.164 2.413 -4.583 -0.050 0.012 0.020 5.156 -0.851
5.211 2.321 -4.588 -0.245 0.010 0.020 5.203 -0.851
5.255 2.229 -4.596 -0.423 0.009 0.020 5.247 -0.850
5.298 2.137 -4.608 -0.584 0.007 0.020 5.290 -0.850
5.339 2.044 -4.622 -0.727 0.006 0.020 5.331 -0.850
5.378 1.952 -4.639 -0.851 0.005 0.020 5.370 -0.850
5.415 1.858 -4.659 -0.957 0.004 0.020 5.407 -0.849
5.450 1.765 -4.680 -1.045 0.003 0.020 5.443 -0.849
5.484 1.671 -4.702 -1.115 0.003 0.020 5.476 -0.849
5.515 1.576 -4.725 -1.167 0.002 0.020 5.507 -0.849
5.545 1.481 -4.749 -1.202 0.002 0.020 5.537 -0.849
5.573 1.386 -4.774 -1.220 0.001 0.020 5.565 -0.849
5.598 1.290 -4.798 -1.221 0.001 0.020 5.591 -0.849
5.622 1.193 -4.822 -1.206 0.001 0.020 5.614 -0.849
5.644 1.097 -4.846 -1.176 0.000 0.020 5.636 -0.849
5.664 0.999 -4.868 -1.133 0.000 0.020 5.656 -0.849
5.682 0.901 -4.890 -1.075 0.000 0.020 5.674 -0.849
5.698 0.803 -4.910 -1.006 0.000 0.020 5.690 -0.849
5.712 0.705 -4.928 -0.925 0.000 0.020 5.705 -0.849
5.724 0.606 -4.945 -0.834 0.000 0.020 5.717 -0.849
5.735 0.507 -4.960 -0.733 0.000 0.020 5.727 -0.849
5.743 0.407 -4.972 -0.625 0.000 0.020 5.735 -0.849
5.749 0.307 -4.983 -0.510 0.000 0.020 5.741 -0.849
5.753 0.212 -4.779 10.165 0.000 0.020 5.745 -0.849
5.756 0.130 -4.073 35.293 0.000 0.020 5.748 -0.849
5.757 0.069 -3.076 49.860 0.000 0.020 5.749 -0.849
5.758 0.027 -2.077 49.944 0.000 0.020 5.750 -0.849
5.758 0.006 -1.078 49.984 6.283 0.020 5.750 -0.849
5.758 0.000 -0.289 39.439 6.283 0.020 5.750 -0.849
