BlueCenter
399
0.000 0.001 0.244 48.785 0.000 0.005 0.000 1.099
0.000 0.002 0.244 -0.000 0.000 0.005 0.000 1.099
0.000 0.005 0.610 73.178 0.000 0.005 0.000 1.099
0.000 0.010 0.854 48.785 0.000 0.005 0.000 1.099
0.000 0.015 1.098 48.785 0.000 0.005 0.000 1.099
0.000 0.022 1.342 48.785 0.000 0.005 0.000 1.099
0.000 0.030 1.586 48.785 0.000 0.005 0.000 1.099
0.001 0.039 1.829 48.785 0.000 0.005 0.001 1.099
0.001 0.049 2.073 48.785 0.000 0.005 0.001 1.099
0.001 0.061 2.317 48.785 0.000 0.005 0.001 1.099
0.002 0.074 2.561 48.785 0.000 0.005 0.002 1.099
0.002 0.088 2.805 48.785 0.000 0.005 0.002 1.099
0.002 0.103 3.049 48.785 0.000 0.005 0.002 1.099
0.003 0.120 3.293 48.785 0.000 0.005 0.003 1.099
0.004 0.137 3.537 48.785 0.000 0.005 0.004 1.099
0.005 0.156 3.781 48.785 0.000 0.005 0.005 1.099
0.005 0.176 4.025 48.785 0.000 0.005 0.005 1.099
0.006 0.198 4.269 48.785 0.000 0.005 0.006 1.099
0.008 0.220 4.513 48.785 0.000 0.005 0.008 1.099
0.009 0.244 4.757 48.785 0.000 0.005 0.009 1.099
0.010 0.269 5.000 48.785 0.000 0.005 0.010 1.099
0.012 0.295 5.244 48.785 0.000 0.005 0.012 1.099
0.013 0.323 5.488 48.785 0.000 0.005 0.013 1.099
0.015 0.351 5.732 48.785 0.000 0.005 0.015 1.099
0.017 0.381 5.976 48.785 0.000 0.005 0.017 1.099
0.019 0.412 6.220 48.785 0.000 0.005 0.019 1.099
0.021 0.445 6.464 48.785 0.000 0.005 0.021 1.099
0.024 0.478 6.708 48.785 0.000 0.005 0.024 1.099
0.026 0.513 6.952 48.785 0.000 0.005 0.026 1.099
0.029 0.549 7.196 48.785 0.000 0.005 0.029 1.099
0.032 0.586 7.440 48.785 0.000 0.005 0.032 1.099
0.035 0.624 7.684 48.785 0.000 0.005 0.035 1.099
0.038 0.664 7.928 48.785 0.000 0.005 0.038 1.099
0.042 0.705 8.172 48.785 0.000 0.005 0.042 1.099
0.045 0.746 8.293 24.393 0.000 0.005 0.045 1.099
0.049 0.788 8.293 -0.000 0.000 0.005 0.049 1.099
0.054 0.829 8.293 0.000 0.000 0.005 0.054 1.099
0.058 0.871 8.293 0.000 0.000 0.005 0.058 1.099
0.062 0.912 8.293 -0.000 0.000 0.005 0.062 1.099
0.067 0.954 8.293 0.000 0.000 0.005 0.067 1.099
0.072 0.995 8.293 -0.000 0.000 0.005 0.072 1.099
0.077 1.037 8.293 0.000 0.000 0.005 0.077 1.099
0.083 1.078 8.293 -0.000 0.000 0.005 0.083 1.099
0.088 1.120 8.293 0.000 0.000 0.005 0.088 1.099
0.094 1.161 8.293 -0.000 0.000 0.005 0.094 1.099
0.100 1.203 8.293 0.000 0.000 0.005 0.100 1.099
0.106 1.244 8.293 -0.000 0.000 0.005 0.106 1.099
0.113 1.285 8.293 0.000 0.000 0.005 0.113 1.099
0.119 1.327 8.293 0.000 0.000 0.005 0.119 1.099
0.126 1.368 8.293 -0.000 0.000 0.005 0.126 1.099
0.133 1.410 8.293 -0.000 0.000 0.005 0.133 1.099
0.141 1.451 8.293 0.000 0.000 0.005 0.141 1.099
0.148 1.493 8.293 -0.000 0.000 0.005 0.148 1.099
0.156 1.534 8.293 0.000 0.000 0.005 0.156 1.099
0.164 1.576 8.293 -0.000 0.000 0.005 0.164 1.099
0.172 1.617 8.293 0.000 0.000 0.005 0.172 1.099
0.180 1.659 8.293 0.000 0.000 0.005 0.180 1.099
0.189 1.700 8.293 0.000 0.000 0.005 0.189 1.099
0.197 1.742 8.293 -0.000 0.000 0.005 0.197 1.099
0.206 1.783 8.293 0.000 0.000 0.005 0.206 1.099
0.215 1.825 8.293 -0.000 0.000 0.005 0.215 1.099
0.225 1.866 8.293 -0.000 0.000 0.005 0.225 1.099
0.234 1.908 8.293 0.000 0.000 0.005 0.234 1.099
0.244 1.949 8.293 0.000 0.000 0.005 0.244 1.099
0.254 1.990 8.293 0.000 0.000 0.005 0.254 1.099
0.264 2.032 8.293 -0.000 0.000 0.005 0.264 1.099
0.274 2.073 8.293 -0.000 0.000 0.005 0.274 1.099
0.285 2.115 8.293 0.000 0.000 0.005 0.285 1.099
0.296 2.156 8.293 -0.000 0.000 0.005 0.296 1.099
0.307 2.198 8.293 0.000 0.000 0.005 0.307 1.099
0.318 2.239 8.293 -0.000 0.000 0.005 0.318 1.099
0.329 2.281 8.293 0.000 0.000 0.005 0.329 1.099
0.341 2.322 8.293 -0.000 0.000 0.005 0.341 1.099
0.353 2.364 8.293 0.000 0.000 0.005 0.353 1.099
0.365 2.405 8.293 -0.000 0.000 0.005 0.365 1.099
0.377 2.447 8.293 0.000 0.000 0.005 0.377 1.099
0.389 2.488 8.293 0.000 0.000 0.005 0.389 1.099
0.402 2.530 8.293 -0.000 0.000 0.005 0.402 1.099
0.415 2.571 8.293 0.000 0.000 0.005 0.415 1.099
0.428 2.612 8.293 0.000 0.000 0.005 0.428 1.099
0.441 2.654 8.293 0.000 0.000 0.005 0.441 1.099
0.455 2.695 8.293 -0.000 0.000 0.005 0.455 1.099
0.468 2.737 8.293 0.000 0.000 0.005 0.468 1.099
0.482 2.778 8.293 -0.000 0.000 0.005 0.482 1.099
0.496 2.820 8.293 -0.000 0.000 0.005 0.496 1.099
0.511 2.861 8.293 0.000 0.000 0.005 0.511 1.099
0.525 2.903 8.293 0.000 0.000 0.005 0.525 1.099
0.540 2.944 8.293 -0.000 0.000 0.005 0.540 1.099
0.555 2.986 8.293 -0.000 0.000 0.005 0.555 1.099
0.570 3.027 8.293 0.000 0.000 0.005 0.570 1.099
0.585 3.069 8.293 0.000 0.000 0.005 0.585 1.099
0.601 3.110 8.293 -0.000 0.000 0.005 0.601 1.099
0.617 3.152 8.293 -0.000 0.000 0.005 0.617 1.099
0.633 3.193 8.293 0.000 0.000 0.005 0.633 1.099
0.649 3.234 8.293 -0.000 0.000 0.005 0.649 1.099
0.665 3.276 8.293 0.000 0.000 0.005 0.665 1.099
0.682 3.317 8.293 -0.000 0.000 0.005 0.682 1.099
0.699 3.359 8.293 0.000 0.000 0.005 0.699 1.099
0.716 3.400 8.293 -0.000 0.000 0.005 0.716 1.099
0.733 3.442 8.293 0.000 0.000 0.005 0.733 1.099
0.750 3.483 8.293 0.000 0.000 0.005 0.750 1.099
0.768 3.525 8.293 -0.000 0.000 0.005 0.768 1.099
0.786 3.566 8.293 0.000 0.000 0.005 0.786 1.099
0.804 3.608 8.293 -0.000 0.000 0.005 0.804 1.099
0.822 3.649 8.293 0.000 0.000 0.005 0.822 1.099
0.840 3.691 8.293 0.000 0.000 0.005 0.840 1.099
0.859 3.732 8.293 -0.000 0.000 0.005 0.859 1.099
0.878 3.774 8.293 -0.000 0.000 0.005 0.878 1.099
0.897 3.815 8.293 0.000 0.000 0.005 0.897 1.099
0.916 3.856 8.293 -0.000 0.000 0.005 0.916 1.099
0.936 3.898 8.293 0.000 0.000 0.005 0.936 1.099
0.955 3.939 8.293 -0.000 0.000 0.005 0.955 1.099
0.975 3.981 8.293 -0.000 0.000 0.005 0.975 1.099
0.995 4.022 8.293 0.000 0.000 0.005 0.995 1.099
1.016 4.064 8.293 -0.000 0.000 0.005 1.016 1.099
1.036 4.105 8.293 0.000 0.000 0.005 1.036 1.099
1.057 4.147 8.293 -0.000 0.000 0.005 1.057 1.099
1.078 4.188 8.293 -0.000 0.000 0.005 1.078 1.099
1.099 4.230 8.293 0.000 0.000 0.005 1.099 1.099
1.121 4.271 8.293 0.000 0.000 0.005 1.121 1.099
1.142 4.313 8.293 -0.000 0.000 0.005 1.142 1.099
1.164 4.354 8.293 -0.000 0.000 0.005 1.164 1.099
1.186 4.396 8.293 0.000 0.000 0.005 1.186 1.099
1.208 4.437 8.293 0.000 0.000 0.005 1.208 1.099
1.230 4.478 8.293 -0.000 0.000 0.005 1.230 1.099
1.253 4.520 8.293 0.000 0.000 0.005 1.253 1.099
1.276 4.561 8.293 -0.000 0.000 0.005 1.276 1.099
1.299 4.603 8.293 0.000 0.000 0.005 1.299 1.099
1.322 4.644 8.293 -0.000 0.000 0.005 1.322 1.099
1.345 4.686 8.293 -0.000 0.000 0.005 1.345 1.099
1.369 4.727 8.293 0.000 0.000 0.005 1.369 1.099
1.393 4.769 8.293 -0.000 0.000 0.005 1.393 1.099
1.417 4.810 8.293 0.000 0.000 0.005 1.417 1.099
1.441 4.852 8.293 -0.000 0.000 0.005 1.441 1.099
1.466 4.893 8.293 -0.000 0.000 0.005 1.466 1.099
1.490 4.935 8.293 0.000 0.000 0.005 1.490 1.099
1.515 4.976 8.293 -0.000 0.000 0.005 1.515 1.099
1.540 5.018 8.293 0.000 0.000 0.005 1.540 1.099
1.566 5.059 8.293 -0.000 0.000 0.005 1.566 1.099
1.591 5.100 8.293 0.000 0.000 0.005 1.591 1.099
1.617 5.142 8.293 0.000 0.000 0.005 1.617 1.099
1.643 5.183 8.293 0.000 0.000 0.005 1.643 1.099
1.669 5.225 8.293 -0.000 0.000 0.005 1.669 1.099
1.695 5.266 8.293 0.000 0.000 0.005 1.695 1.099
1.722 5.308 8.293 0.000 0.000 0.005 1.722 1.099
1.749 5.349 8.293 -0.000 0.000 0.005 1.749 1.099
1.775 5.391 8.293 -0.000 0.000 0.005 1.775 1.099
1.803 5.432 8.293 0.000 0.000 0.005 1.803 1.099
1.830 5.474 8.293 -0.000 0.000 0.005 1.830 1.099
1.858 5.515 8.293 0.000 0.000 0.005 1.858 1.099
1.885 5.557 8.293 0.000 0.000 0.005 1.885 1.099
1.913 5.598 8.293 -0.000 0.000 0.005 1.913 1.099
1.942 5.640 8.293 0.000 0.000 0.005 1.942 1.099
1.970 5.681 8.293 0.000 0.000 0.005 1.970 1.099
1.999 5.723 8.293 -0.000 0.000 0.005 1.999 1.099
2.027 5.764 8.293 0.000 0.000 0.005 2.027 1.099
2.056 5.805 8.293 0.000 0.000 0.005 2.056 1.099
2.086 5.847 8.293 -0.000 0.000 0.005 2.086 1.099
2.115 5.888 8.293 0.000 0.000 0.005 2.115 1.099
2.145 5.930 8.293 0.000 0.000 0.005 2.145 1.099
2.175 5.971 8.293 0.000 0.000 0.005 2.175 1.099
2.205 6.013 8.293 -0.000 0.000 0.005 2.205 1.099
2.235 6.054 8.293 0.000 0.000 0.005 2.235 1.099
2.265 6.096 8.293 -0.000 0.000 0.005 2.265 1.099
2.296 6.137 8.293 0.000 0.000 0.005 2.296 1.099
2.327 6.179 8.293 0.000 0.000 0.005 2.327 1.099
2.358 6.220 8.172 -24.393 0.000 0.005 2.358 1.099
2.389 6.259 7.928 -48.785 0.000 0.005 2.389 1.099
2.421 6.298 7.684 -48.785 0.000 0.005 2.421 1.099
2.453 6.335 7.440 -48.785 0.000 0.005 2.453 1.099
2.484 6.371 7.196 -48.785 0.000 0.005 2.484 1.099
2.516 6.406 6.952 -48.785 0.000 0.005 2.516 1.099
2.549 6.439 6.708 -48.785 0.000 0.005 2.549 1.099
2.581 6.471 6.464 -48.785 0.000 0.005 2.581 1.099
2.613 6.502 6.220 -48.785 0.000 0.005 2.613 1.099
2.646 6.532 5.976 -48.785 0.000 0.005 2.646 1.099
2.679 6.561 5.732 -48.785 0.000 0.005 2.679 1.099
2.712 6.588 5.488 -48.785 0.000 0.005 2.712 1.099
2.745 6.615 5.244 -48.785 0.000 0.005 2.745 1.099
2.778 6.640 5.000 -48.785 0.000 0.005 2.778 1.099
2.811 6.663 4.757 -48.785 0.000 0.005 2.811 1.099
2.845 6.686 4.513 -48.785 0.000 0.005 2.845 1.099
2.878 6.707 4.269 -48.785 0.000 0.005 2.878 1.099
2.912 6.727 4.025 -48.785 0.000 0.005 2.912 1.099
2.946 6.746 3.781 -48.785 0.000 0.005 2.946 1.099
2.980 6.764 3.537 -48.785 0.000 0.005 2.980 1.099
3.014 6.781 3.293 -48.785 0.000 0.005 3.014 1.099
3.048 6.796 3.049 -48.785 0.000 0.005 3.048 1.099
3.082 6.810 2.805 -48.785 0.000 0.005 3.082 1.099
3.116 6.823 2.561 -48.785 0.000 0.005 3.116 1.099
3.150 6.834 2.317 -48.785 0.000 0.005 3.150 1.099
3.184 6.845 2.073 -48.785 0.000 0.005 3.184 1.099
3.218 6.854 1.829 -48.785 0.000 0.005 3.218 1.099
3.253 6.862 1.586 -48.785 0.000 0.005 3.253 1.099
3.287 6.868 1.342 -48.785 0.000 0.005 3.287 1.099
3.321 6.874 1.098 -48.785 0.000 0.005 3.321 1.099
3.356 6.878 0.854 -48.785 0.000 0.005 3.356 1.099
3.390 6.881 0.610 -48.785 0.000 0.005 3.390 1.099
3.425 6.883 0.310 -60.015 0.000 0.005 3.425 1.099
3.459 6.882 -0.112 -84.407 0.000 0.005 3.459 1.099
3.493 6.880 -0.478 -73.178 0.000 0.005 3.493 1.099
3.528 6.876 -0.722 -48.785 0.000 0.005 3.528 1.099
3.562 6.871 -0.966 -48.785 0.000 0.005 3.562 1.099
3.596 6.865 -1.210 -48.785 0.000 0.005 3.596 1.099
3.631 6.858 -1.454 -48.785 0.000 0.005 3.631 1.099
3.665 6.850 -1.698 -48.785 0.000 0.005 3.665 1.099
3.699 6.840 -1.942 -48.785 0.000 0.005 3.699 1.099
3.733 6.829 -2.186 -48.785 0.000 0.005 3.733 1.099
3.767 6.817 -2.430 -48.785 0.000 0.005 3.767 1.099
3.801 6.803 -2.674 -48.785 0.000 0.005 3.801 1.099
3.835 6.789 -2.917 -48.785 0.000 0.005 3.835 1.099
3.869 6.773 -3.161 -48.785 0.000 0.005 3.869 1.099
3.903 6.756 -3.405 -48.785 0.000 0.005 3.903 1.099
3.937 6.738 -3.649 -48.785 0.000 0.005 3.937 1.099
3.970 6.718 -3.893 -48.785 0.000 0.005 3.970 1.099
4.004 6.698 -4.137 -48.785 0.000 0.005 4.004 1.099
4.037 6.676 -4.381 -48.785 0.000 0.005 4.037 1.099
4.070 6.653 -4.625 -48.785 0.000 0.005 4.070 1.099
4.104 6.628 -4.869 -48.785 0.000 0.005 4.104 1.099
4.137 6.603 -5.113 -48.785 0.000 0.005 4.137 1.099
4.169 6.576 -5.357 -48.785 0.000 0.005 4.169 1.099
4.202 6.548 -5.601 -48.785 0.000 0.005 4.202 1.099
4.235 6.519 -5.845 -48.785 0.000 0.005 4.235 1.099
4.267 6.488 -6.088 -48.785 0.000 0.005 4.267 1.099
4.300 6.456 -6.332 -48.785 0.000 0.005 4.300 1.099
4.332 6.424 -6.576 -48.785 0.000 0.005 4.332 1.099
4.364 6.389 -6.820 -48.785 0.000 0.005 4.364 1.099
4.395 6.354 -7.064 -48.785 0.000 0.005 4.395 1.099
4.427 6.318 -7.308 -48.785 0.000 0.005 4.427 1.099
4.458 6.280 -7.552 -48.785 0.000 0.005 4.458 1.099
4.490 6.241 -7.796 -48.785 0.000 0.005 4.490 1.099
4.521 6.201 -8.040 -48.785 0.000 0.005 4.521 1.099
4.551 6.160 -8.228 -37.556 0.000 0.005 4.551 1.099
4.582 6.118 -8.293 -13.163 0.000 0.005 4.582 1.099
4.612 6.077 -8.293 0.000 0.000 0.005 4.612 1.099
4.643 6.035 -8.293 0.000 0.000 0.005 4.643 1.099
4.672 5.994 -8.293 -0.000 0.000 0.005 4.672 1.099
4.702 5.952 -8.293 0.000 0.000 0.005 4.702 1.099
4.732 5.911 -8.293 -0.000 0.000 0.005 4.732 1.099
4.761 5.869 -8.293 0.000 0.000 0.005 4.761 1.099
4.790 5.828 -8.293 -0.000 0.000 0.005 4.790 1.099
4.819 5.786 -8.293 0.000 0.000 0.005 4.819 1.099
4.848 5.745 -8.293 -0.000 0.000 0.005 4.848 1.099
4.876 5.703 -8.293 0.000 0.000 0.005 4.876 1.099
4.905 5.662 -8.293 0.000 0.000 0.005 4.905 1.099
4.933 5.620 -8.293 0.000 0.000 0.005 4.933 1.099
4.961 5.579 -8.293 -0.000 0.000 0.005 4.961 1.099
4.988 5.538 -8.293 0.000 0.000 0.005 4.988 1.099
5.016 5.496 -8.293 -0.000 0.000 0.005 5.016 1.099
5.043 5.455 -8.293 0.000 0.000 0.005 5.043 1.099
5.070 5.413 -8.293 -0.000 0.000 0.005 5.070 1.099
5.097 5.372 -8.293 0.000 0.000 0.005 5.097 1.099
5.124 5.330 -8.293 -0.000 0.000 0.005 5.124 1.099
5.150 5.289 -8.293 0.000 0.000 0.005 5.150 1.099
5.176 5.247 -8.293 0.000 0.000 0.005 5.176 1.099
5.202 5.206 -8.293 -0.000 0.000 0.005 5.202 1.099
5.228 5.164 -8.293 0.000 0.000 0.005 5.228 1.099
5.254 5.123 -8.293 -0.000 0.000 0.005 5.254 1.099
5.279 5.081 -8.293 0.000 0.000 0.005 5.279 1.099
5.305 5.040 -8.293 0.000 0.000 0.005 5.305 1.099
5.330 4.998 -8.293 0.000 0.000 0.005 5.330 1.099
5.354 4.957 -8.293 -0.000 0.000 0.005 5.354 1.099
5.379 4.916 -8.293 -0.000 0.000 0.005 5.379 1.099
5.403 4.874 -8.293 0.000 0.000 0.005 5.403 1.099
5.427 4.833 -8.293 -0.000 0.000 0.005 5.427 1.099
5.451 4.791 -8.293 0.000 0.000 0.005 5.451 1.099
5.475 4.750 -8.293 -0.000 0.000 0.005 5.475 1.099
5.499 4.708 -8.293 0.000 0.000 0.005 5.499 1.099
5.522 4.667 -8.293 -0.000 0.000 0.005 5.522 1.099
5.545 4.625 -8.293 0.000 0.000 0.005 5.545 1.099
5.568 4.584 -8.293 -0.000 0.000 0.005 5.568 1.099
5.591 4.542 -8.293 0.000 0.000 0.005 5.591 1.099
5.613 4.501 -8.293 -0.000 0.000 0.005 5.613 1.099
5.636 4.459 -8.293 -0.000 0.000 0.005 5.636 1.099
5.658 4.418 -8.293 0.000 0.000 0.005 5.658 1.099
5.680 4.376 -8.293 0.000 0.000 0.005 5.680 1.099
5.701 4.335 -8.293 -0.000 0.000 0.005 5.701 1.099
5.723 4.294 -8.293 0.000 0.000 0.005 5.723 1.099
5.744 4.252 -8.293 -0.000 0.000 0.005 5.744 1.099
5.765 4.211 -8.293 0.000 0.000 0.005 5.765 1.099
5.786 4.169 -8.293 -0.000 0.000 0.005 5.786 1.099
5.806 4.128 -8.293 0.000 0.000 0.005 5.806 1.099
5.827 4.086 -8.293 -0.000 0.000 0.005 5.827 1.099
5.847 4.045 -8.293 0.000 0.000 0.005 5.847 1.099
5.867 4.003 -8.293 -0.000 0.000 0.005 5.867 1.099
5.887 3.962 -8.293 0.000 0.000 0.005 5.887 1.099
5.907 3.920 -8.293 -0.000 0.000 0.005 5.907 1.099
5.926 3.879 -8.293 -0.000 0.000 0.005 5.926 1.099
5.945 3.837 -8.293 0.000 0.000 0.005 5.945 1.099
5.964 3.796 -8.293 0.000 0.000 0.005 5.964 1.099
5.983 3.754 -8.293 0.000 0.000 0.005 5.983 1.099
6.001 3.713 -8.293 -0.000 0.000 0.005 6.001 1.099
6.020 3.672 -8.293 0.000 0.000 0.005 6.020 1.099
6.038 3.630 -8.293 0.000 0.000 0.005 6.038 1.099
6.056 3.589 -8.293 0.000 0.000 0.005 6.056 1.099
6.074 3.547 -8.293 0.000 0.000 0.005 6.074 1.099
6.091 3.506 -8.293 -0.000 0.000 0.005 6.091 1.099
6.108 3.464 -8.293 0.000 0.000 0.005 6.108 1.099
6.126 3.423 -8.293 -0.000 0.000 0.005 6.126 1.099
6.142 3.381 -8.293 0.000 0.000 0.005 6.142 1.099
6.159 3.340 -8.293 -0.000 0.000 0.005 6.159 1.099
6.176 3.298 -8.293 0.000 0.000 0.005 6.176 1.099
6.192 3.257 -8.293 0.000 0.000 0.005 6.192 1.099
6.208 3.215 -8.293 -0.000 0.000 0.005 6.208 1.099
6.224 3.174 -8.293 0.000 0.000 0.005 6.224 1.099
6.240 3.132 -8.293 0.000 0.000 0.005 6.240 1.099
6.255 3.091 -8.293 -0.000 0.000 0.005 6.255 1.099
6.270 3.050 -8.293 0.000 0.000 0.005 6.270 1.099
6.285 3.008 -8.293 -0.000 0.000 0.005 6.285 1.099
6.300 2.967 -8.293 -0.000 0.000 0.005 6.300 1.099
6.315 2.925 -8.293 0.000 0.000 0.005 6.315 1.099
6.329 2.884 -8.293 -0.000 0.000 0.005 6.329 1.099
6.343 2.842 -8.293 0.000 0.000 0.005 6.343 1.099
6.357 2.801 -8.293 0.000 0.000 0.005 6.357 1.099
6.371 2.759 -8.293 -0.000 0.000 0.005 6.371 1.099
6.385 2.718 -8.293 -0.000 0.000 0.005 6.385 1.099
6.398 2.676 -8.293 0.000 0.000 0.005 6.398 1.099
6.411 2.635 -8.293 0.000 0.000 0.005 6.411 1.099
6.424 2.593 -8.293 0.000 0.000 0.005 6.424 1.099
6.437 2.552 -8.293 -0.000 0.000 0.005 6.437 1.099
6.450 2.510 -8.293 0.000 0.000 0.005 6.450 1.099
6.462 2.469 -8.293 0.000 0.000 0.005 6.462 1.099
6.474 2.427 -8.293 0.000 0.000 0.005 6.474 1.099
6.486 2.386 -8.293 0.000 0.000 0.005 6.486 1.099
6.498 2.345 -8.293 -0.000 0.000 0.005 6.498 1.099
6.509 2.303 -8.293 0.000 0.000 0.005 6.509 1.099
6.521 2.262 -8.293 0.000 0.000 0.005 6.521 1.099
6.532 2.220 -8.293 0.000 0.000 0.005 6.532 1.099
6.543 2.179 -8.293 -0.000 0.000 0.005 6.543 1.099
6.553 2.137 -8.293 0.000 0.000 0.005 6.553 1.099
6.564 2.096 -8.293 -0.000 0.000 0.005 6.564 1.099
6.574 2.054 -8.293 0.000 0.000 0.005 6.574 1.099
6.584 2.013 -8.293 0.000 0.000 0.005 6.584 1.099
6.594 1.971 -8.293 0.000 0.000 0.005 6.594 1.099
6.604 1.930 -8.293 0.000 0.000 0.005 6.604 1.099
6.613 1.888 -8.293 -0.000 0.000 0.005 6.613 1.099
6.622 1.847 -8.293 0.000 0.000 0.005 6.622 1.099
6.631 1.805 -8.293 -0.000 0.000 0.005 6.631 1.099
6.640 1.764 -8.293 0.000 0.000 0.005 6.640 1.099
6.649 1.723 -8.293 0.000 0.000 0.005 6.649 1.099
6.657 1.681 -8.293 -0.000 0.000 0.005 6.657 1.099
6.665 1.640 -8.293 0.000 0.000 0.005 6.665 1.099
6.673 1.598 -8.293 0.000 0.000 0.005 6.673 1.099
6.681 1.557 -8.293 -0.000 0.000 0.005 6.681 1.099
6.689 1.515 -8.293 0.000 0.000 0.005 6.689 1.099
6.696 1.474 -8.293 -0.000 0.000 0.005 6.696 1.099
6.703 1.432 -8.293 0.000 0.000 0.005 6.703 1.099
6.710 1.391 -8.293 -0.000 0.000 0.005 6.710 1.099
6.717 1.349 -8.293 0.000 0.000 0.005 6.717 1.099
6.723 1.308 -8.293 -0.000 0.000 0.005 6.723 1.099
6.730 1.266 -8.293 0.000 0.000 0.005 6.730 1.099
6.736 1.225 -8.293 -0.000 0.000 0.005 6.736 1.099
6.742 1.183 -8.293 0.000 0.000 0.005 6.742 1.099
6.748 1.142 -8.293 0.000 0.000 0.005 6.748 1.099
6.753 1.101 -8.293 -0.000 0.000 0.005 6.753 1.099
6.758 1.059 -8.293 0.000 0.000 0.005 6.758 1.099
6.763 1.018 -8.293 -0.000 0.000 0.005 6.763 1.099
6.768 0.976 -8.293 0.000 0.000 0.005 6.768 1.099
6.773 0.935 -8.293 0.000 0.000 0.005 6.773 1.099
6.777 0.893 -8.293 0.000 0.000 0.005 6.777 1.099
6.782 0.852 -8.293 0.000 0.000 0.005 6.782 1.099
6.786 0.810 -8.293 0.000 0.000 0.005 6.786 1.099
6.790 0.769 -8.293 -0.000 0.000 0.005 6.790 1.099
6.793 0.727 -8.293 0.000 0.000 0.005 6.793 1.099
6.797 0.686 -8.237 11.229 0.000 0.005 6.797 1.099
6.800 0.646 -8.059 35.622 0.000 0.005 6.800 1.099
6.803 0.607 -7.815 48.785 0.000 0.005 6.803 1.099
6.806 0.569 -7.571 48.785 0.000 0.005 6.806 1.099
6.808 0.532 -7.327 48.785 0.000 0.005 6.808 1.099
6.811 0.497 -7.084 48.785 0.000 0.005 6.811 1.099
6.813 0.463 -6.840 48.785 0.000 0.005 6.813 1.099
6.815 0.430 -6.596 48.785 0.000 0.005 6.815 1.099
6.817 0.398 -6.352 48.785 0.000 0.005 6.817 1.099
6.819 0.367 -6.108 48.785 0.000 0.005 6.819 1.099
6.821 0.338 -5.864 48.785 0.000 0.005 6.821 1.099
6.822 0.310 -5.620 48.785 0.000 0.005 6.822 1.099
6.824 0.283 -5.376 48.785 0.000 0.005 6.824 1.099
6.825 0.257 -5.132 48.785 0.000 0.005 6.825 1.099
6.826 0.233 -4.888 48.785 0.000 0.005 6.826 1.099
6.827 0.210 -4.644 48.785 0.000 0.005 6.827 1.099
6.828 0.188 -4.400 48.785 0.000 0.005 6.828 1.099
6.829 0.167 -4.156 48.785 0.000 0.005 6.829 1.099
6.830 0.147 -3.912 48.785 0.000 0.005 6.830 1.099
6.831 0.129 -3.669 48.785 0.000 0.005 6.831 1.099
6.831 0.112 -3.425 48.785 0.000 0.005 6.831 1.099
6.832 0.096 -3.181 48.785 0.000 0.005 6.832 1.099
6.832 0.081 -2.937 48.785 0.000 0.005 6.832 1.099
6.832 0.068 -2.693 48.785 0.000 0.005 6.832 1.099
6.833 0.056 -2.449 48.785 0.000 0.005 6.833 1.099
6.833 0.045 -2.205 48.785 0.000 0.005 6.833 1.099
6.833 0.035 -1.961 48.785 0.000 0.005 6.833 1.099
6.833 0.026 -1.717 48.785 0.000 0.005 6.833 1.099
6.833 0.019 -1.473 48.785 0.000 0.005 6.833 1.099
6.833 0.013 -1.229 48.785 0.000 0.005 6.833 1.099
6.833 0.008 -0.985 48.785 0.000 0.005 6.833 1.099
6.833 0.004 -0.741 48.785 0.000 0.005 6.833 1.099
6.833 0.002 -0.498 48.785 0.000 0.005 6.833 1.099
6.833 0.000 -0.254 48.785 0.000 0.005 6.833 1.099
6.833 0.000 -0.066 37.556 0.000 0.005 6.833 1.099
0.000 0.001 0.244 48.785 0.000 0.005 0.000 -1.099
0.000 0.002 0.244 -0.000 0.000 0.005 0.000 -1.099
0.000 0.005 0.610 73.178 0.000 0.005 0.000 -1.099
0.000 0.010 0.854 48.785 0.000 0.005 0.000 -1.099
0.000 0.015 1.098 48.785 0.000 0.005 0.000 -1.099
0.000 0.022 1.342 48.785 0.000 0.005 0.000 -1.099
0.000 0.030 1.586 48.785 0.000 0.005 0.000 -1.099
0.001 0.039 1.829 48.785 0.000 0.005 0.001 -1.099
0.001 0.049 2.073 48.785 0.000 0.005 0.001 -1.099
0.001 0.061 2.317 48.785 0.000 0.005 0.001 -1.099
0.002 0.074 2.561 48.785 0.000 0.005 0.002 -1.099
0.002 0.088 2.805 48.785 0.000 0.005 0.002 -1.099
0.002 0.103 3.049 48.785 0.000 0.005 0.002 -1.099
0.003 0.120 3.293 48.785 0.000 0.005 0.003 -1.099
0.004 0.137 3.537 48.785 0.000 0.005 0.004 -1.099
0.005 0.156 3.781 48.785 0.000 0.005 0.005 -1.099
0.005 0.176 4.025 48.785 0.000 0.005 0.005 -1.099
0.006 0.198 4.269 48.785 0.000 0.005 0.006 -1.099
0.008 0.220 4.513 48.785 0.000 0.005 0.008 -1.099
0.009 0.244 4.757 48.785 0.000 0.005 0.009 -1.099
0.010 0.269 5.000 48.785 0.000 0.005 0.010 -1.099
0.012 0.295 5.244 48.785 0.000 0.005 0.012 -1.099
0.013 0.323 5.488 48.785 0.000 0.005 0.013 -1.099
0.015 0.351 5.732 48.785 0.000 0.005 0.015 -1.099
0.017 0.381 5.976 48.785 0.000 0.005 0.017 -1.099
0.019 0.412 6.220 48.785 0.000 0.005 0.019 -1.099
0.021 0.445 6.464 48.785 0.000 0.005 0.021 -1.099
0.024 0.478 6.708 48.785 0.000 0.005 0.024 -1.099
0.026 0.513 6.952 48.785 0.000 0.005 0.026 -1.099
0.029 0.549 7.196 48.785 0.000 0.005 0.029 -1.099
0.032 0.586 7.440 48.785 0.000 0.005 0.032 -1.099
0.035 0.624 7.684 48.785 0.000 0.005 0.035 -1.099
0.038 0.664 7.928 48.785 0.000 0.005 0.038 -1.099
0.042 0.705 8.172 48.785 0.000 0.005 0.042 -1.099
0.045 0.746 8.293 24.393 0.000 0.005 0.045 -1.099
0.049 0.788 8.293 -0.000 0.000 0.005 0.049 -1.099
0.054 0.829 8.293 0.000 0.000 0.005 0.054 -1.099
0.058 0.871 8.293 0.000 0.000 0.005 0.058 -1.099
0.062 0.912 8.293 -0.000 0.000 0.005 0.062 -1.099
0.067 0.954 8.293 0.000 0.000 0.005 0.067 -1.099
0.072 0.995 8.293 -0.000 0.000 0.005 0.072 -1.099
0.077 1.037 8.293 0.000 0.000 0.005 0.077 -1.099
0.083 1.078 8.293 -0.000 0.000 0.005 0.083 -1.099
0.088 1.120 8.293 0.000 0.000 0.005 0.088 -1.099
0.094 1.161 8.293 -0.000 0.000 0.005 0.094 -1.099
0.100 1.203 8.293 0.000 0.000 0.005 0.100 -1.099
0.106 1.244 8.293 -0.000 0.000 0.005 0.106 -1.099
0.113 1.285 8.293 0.000 0.000 0.005 0.113 -1.099
0.119 1.327 8.293 0.000 0.000 0.005 0.119 -1.099
0.126 1.368 8.293 -0.000 0.000 0.005 0.126 -1.099
0.133 1.410 8.293 -0.000 0.000 0.005 0.133 -1.099
0.141 1.451 8.293 0.000 0.000 0.005 0.141 -1.099
0.148 1.493 8.293 -0.000 0.000 0.005 0.148 -1.099
0.156 1.534 8.293 0.000 0.000 0.005 0.156 -1.099
0.164 1.576 8.293 -0.000 0.000 0.005 0.164 -1.099
0.172 1.617 8.293 0.000 0.000 0.005 0.172 -1.099
0.180 1.659 8.293 0.000 0.000 0.005 0.180 -1.099
0.189 1.700 8.293 0.000 0.000 0.005 0.189 -1.099
0.197 1.742 8.293 -0.000 0.000 0.005 0.197 -1.099
0.206 1.783 8.293 0.000 0.000 0.005 0.206 -1.099
0.215 1.825 8.293 -0.000 0.000 0.005 0.215 -1.099
0.225 1.866 8.293 -0.000 0.000 0.005 0.225 -1.099
0.234 1.908 8.293 0.000 0.000 0.005 0.234 -1.099
0.244 1.949 8.293 0.000 0.000 0.005 0.244 -1.099
0.254 1.990 8.293 0.000 0.000 0.005 0.254 -1.099
0.264 2.032 8.293 -0.000 0.000 0.005 0.264 -1.099
0.274 2.073 8.293 -0.000 0.000 0.005 0.274 -1.099
0.285 2.115 8.293 0.000 0.000 0.005 0.285 -1.099
0.296 2.156 8.293 -0.000 0.000 0.005 0.296 -1.099
0.307 2.198 8.293 0.000 0.000 0.005 0.307 -1.099
0.318 2.239 8.293 -0.000 0.000 0.005 0.318 -1.099
0.329 2.281 8.293 0.000 0.000 0.005 0.329 -1.099
0.341 2.322 8.293 -0.000 0.000 0.005 0.341 -1.099
0.353 2.364 8.293 0.000 0.000 0.005 0.353 -1.099
0.365 2.405 8.293 -0.000 0.000 0.005 0.365 -1.099
0.377 2.447 8.293 0.000 0.000 0.005 0.377 -1.099
0.389 2.488 8.293 0.000 0.000 0.005 0.389 -1.099
0.402 2.530 8.293 -0.000 0.000 0.005 0.402 -1.099
0.415 2.571 8.293 0.000 0.000 0.005 0.415 -1.099
0.428 2.612 8.293 0.000 0.000 0.005 0.428 -1.099
0.441 2.654 8.293 0.000 0.000 0.005 0.441 -1.099
0.455 2.695 8.293 -0.000 0.000 0.005 0.455 -1.099
0.468 2.737 8.293 0.000 0.000 0.005 0.468 -1.099
0.482 2.778 8.293 -0.000 0.000 0.005 0.482 -1.099
0.496 2.820 8.293 -0.000 0.000 0.005 0.496 -1.099
0.511 2.861 8.293 0.000 0.000 0.005 0.511 -1.099
0.525 2.903 8.293 0.000 0.000 0.005 0.525 -1.099
0.540 2.944 8.293 -0.000 0.000 0.005 0.540 -1.099
0.555 2.986 8.293 -0.000 0.000 0.005 0.555 -1.099
0.570 3.027 8.293 0.000 0.000 0.005 0.570 -1.099
0.585 3.069 8.293 0.000 0.000 0.005 0.585 -1.099
0.601 3.110 8.293 -0.000 0.000 0.005 0.601 -1.099
0.617 3.152 8.293 -0.000 0.000 0.005 0.617 -1.099
0.633 3.193 8.293 0.000 0.000 0.005 0.633 -1.099
0.649 3.234 8.293 -0.000 0.000 0.005 0.649 -1.099
0.665 3.276 8.293 0.000 0.000 0.005 0.665 -1.099
0.682 3.317 8.293 -0.000 0.000 0.005 0.682 -1.099
0.699 3.359 8.293 0.000 0.000 0.005 0.699 -1.099
0.716 3.400 8.293 -0.000 0.000 0.005 0.716 -1.099
0.733 3.442 8.293 0.000 0.000 0.005 0.733 -1.099
0.750 3.483 8.293 0.000 0.000 0.005 0.750 -1.099
0.768 3.525 8.293 -0.000 0.000 0.005 0.768 -1.099
0.786 3.566 8.293 0.000 0.000 0.005 0.786 -1.099
0.804 3.608 8.293 -0.000 0.000 0.005 0.804 -1.099
0.822 3.649 8.293 0.000 0.000 0.005 0.822 -1.099
0.840 3.691 8.293 0.000 0.000 0.005 0.840 -1.099
0.859 3.732 8.293 -0.000 0.000 0.005 0.859 -1.099
0.878 3.774 8.293 -0.000 0.000 0.005 0.878 -1.099
0.897 3.815 8.293 0.000 0.000 0.005 0.897 -1.099
0.916 3.856 8.293 -0.000 0.000 0.005 0.916 -1.099
0.936 3.898 8.293 0.000 0.000 0.005 0.936 -1.099
0.955 3.939 8.293 -0.000 0.000 0.005 0.955 -1.099
0.975 3.981 8.293 -0.000 0.000 0.005 0.975 -1.099
0.995 4.022 8.293 0.000 0.000 0.005 0.995 -1.099
1.016 4.064 8.293 -0.000 0.000 0.005 1.016 -1.099
1.036 4.105 8.293 0.000 0.000 0.005 1.036 -1.099
1.057 4.147 8.293 -0.000 0.000 0.005 1.057 -1.099
1.078 4.188 8.293 -0.000 0.000 0.005 1.078 -1.099
1.099 4.230 8.293 0.000 0.000 0.005 1.099 -1.099
1.121 4.271 8.293 0.000 0.000 0.005 1.121 -1.099
1.142 4.313 8.293 -0.000 0.000 0.005 1.142 -1.099
1.164 4.354 8.293 -0.000 0.000 0.005 1.164 -1.099
1.186 4.396 8.293 0.000 0.000 0.005 1.186 -1.099
1.208 4.437 8.293 0.000 0.000 0.005 1.208 -1.099
1.230 4.478 8.293 -0.000 0.000 0.005 1.230 -1.099
1.253 4.520 8.293 0.000 0.000 0.005 1.253 -1.099
1.276 4.561 8.293 -0.000 0.000 0.005 1.276 -1.099
1.299 4.603 8.293 0.000 0.000 0.005 1.299 -1.099
1.322 4.644 8.293 -0.000 0.000 0.005 1.322 -1.099
1.345 4.686 8.293 -0.000 0.000 0.005 1.345 -1.099
1.369 4.727 8.293 0.000 0.000 0.005 1.369 -1.099
1.393 4.769 8.293 -0.000 0.000 0.005 1.393 -1.099
1.417 4.810 8.293 0.000 0.000 0.005 1.417 -1.099
1.441 4.852 8.293 -0.000 0.000 0.005 1.441 -1.099
1.466 4.893 8.293 -0.000 0.000 0.005 1.466 -1.099
1.490 4.935 8.293 0.000 0.000 0.005 1.490 -1.099
1.515 4.976 8.293 -0.000 0.000 0.005 1.515 -1.099
1.540 5.018 8.293 0.000 0.000 0.005 1.540 -1.099
1.566 5.059 8.293 -0.000 0.000 0.005 1.566 -1.099
1.591 5.100 8.293 0.000 0.000 0.005 1.591 -1.099
1.617 5.142 8.293 0.000 0.000 0.005 1.617 -1.099
1.643 5.183 8.293 0.000 0.000 0.005 1.643 -1.099
1.669 5.225 8.293 -0.000 0.000 0.005 1.669 -1.099
1.695 5.266 8.293 0.000 0.000 0.005 1.695 -1.099
1.722 5.308 8.293 0.000 0.000 0.005 1.722 -1.099
1.749 5.349 8.293 -0.000 0.000 0.005 1.749 -1.099
1.775 5.391 8.293 -0.000 0.000 0.005 1.775 -1.099
1.803 5.432 8.293 0.000 0.000 0.005 1.803 -1.099
1.830 5.474 8.293 -0.000 0.000 0.005 1.830 -1.099
1.858 5.515 8.293 0.000 0.000 0.005 1.858 -1.099
1.885 5.557 8.293 0.000 0.000 0.005 1.885 -1.099
1.913 5.598 8.293 -0.000 0.000 0.005 1.913 -1.099
1.942 5.640 8.293 0.000 0.000 0.005 1.942 -1.099
1.970 5.681 8.293 0.000 0.000 0.005 1.970 -1.099
1.999 5.723 8.293 -0.000 0.000 0.005 1.999 -1.099
2.027 5.764 8.293 0.000 0.000 0.005 2.027 -1.099
2.056 5.805 8.293 0.000 0.000 0.005 2.056 -1.099
2.086 5.847 8.293 -0.000 0.000 0.005 2.086 -1.099
2.115 5.888 8.293 0.000 0.000 0.005 2.115 -1.099
2.145 5.930 8.293 0.000 0.000 0.005 2.145 -1.099
2.175 5.971 8.293 0.000 0.000 0.005 2.175 -1.099
2.205 6.013 8.293 -0.000 0.000 0.005 2.205 -1.099
2.235 6.054 8.293 0.000 0.000 0.005 2.235 -1.099
2.265 6.096 8.293 -0.000 0.000 0.005 2.265 -1.099
2.296 6.137 8.293 0.000 0.000 0.005 2.296 -1.099
2.327 6.179 8.293 0.000 0.000 0.005 2.327 -1.099
2.358 6.220 8.172 -24.393 0.000 0.005 2.358 -1.099
2.389 6.259 7.928 -48.785 0.000 0.005 2.389 -1.099
2.421 6.298 7.684 -48.785 0.000 0.005 2.421 -1.099
2.453 6.335 7.440 -48.785 0.000 0.005 2.453 -1.099
2.484 6.371 7.196 -48.785 0.000 0.005 2.484 -1.099
2.516 6.406 6.952 -48.785 0.000 0.005 2.516 -1.099
2.549 6.439 6.708 -48.785 0.000 0.005 2.549 -1.099
2.581 6.471 6.464 -48.785 0.000 0.005 2.581 -1.099
2.613 6.502 6.220 -48.785 0.000 0.005 2.613 -1.099
2.646 6.532 5.976 -48.785 0.000 0.005 2.646 -1.099
2.679 6.561 5.732 -48.785 0.000 0.005 2.679 -1.099
2.712 6.588 5.488 -48.785 0.000 0.005 2.712 -1.099
2.745 6.615 5.244 -48.785 0.000 0.005 2.745 -1.099
2.778 6.640 5.000 -48.785 0.000 0.005 2.778 -1.099
2.811 6.663 4.757 -48.785 0.000 0.005 2.811 -1.099
2.845 6.686 4.513 -48.785 0.000 0.005 2.845 -1.099
2.878 6.707 4.269 -48.785 0.000 0.005 2.878 -1.099
2.912 6.727 4.025 -48.785 0.000 0.005 2.912 -1.099
2.946 6.746 3.781 -48.785 0.000 0.005 2.946 -1.099
2.980 6.764 3.537 -48.785 0.000 0.005 2.980 -1.099
3.014 6.781 3.293 -48.785 0.000 0.005 3.014 -1.099
3.048 6.796 3.049 -48.785 0.000 0.005 3.048 -1.099
3.082 6.810 2.805 -48.785 0.000 0.005 3.082 -1.099
3.116 6.823 2.561 -48.785 0.000 0.005 3.116 -1.099
3.150 6.834 2.317 -48.785 0.000 0.005 3.150 -1.099
3.184 6.845 2.073 -48.785 0.000 0.005 3.184 -1.099
3.218 6.854 1.829 -48.785 0.000 0.005 3.218 -1.099
3.253 6.862 1.586 -48.785 0.000 0.005 3.253 -1.099
3.287 6.868 1.342 -48.785 0.000 0.005 3.287 -1.099
3.321 6.874 1.098 -48.785 0.000 0.005 3.321 -1.099
3.356 6.878 0.854 -48.785 0.000 0.005 3.356 -1.099
3.390 6.881 0.610 -48.785 0.000 0.005 3.390 -1.099
3.425 6.883 0.310 -60.015 0.000 0.005 3.425 -1.099
3.459 6.882 -0.112 -84.407 0.000 0.005 3.459 -1.099
3.493 6.880 -0.478 -73.178 0.000 0.005 3.493 -1.099
3.528 6.876 -0.722 -48.785 0.000 0.005 3.528 -1.099
3.562 6.871 -0.966 -48.785 0.000 0.005 3.562 -1.099
3.596 6.865 -1.210 -48.785 0.000 0.005 3.596 -1.099
3.631 6.858 -1.454 -48.785 0.000 0.005 3.631 -1.099
3.665 6.850 -1.698 -48.785 0.000 0.005 3.665 -1.099
3.699 6.840 -1.942 -48.785 0.000 0.005 3.699 -1.099
3.733 6.829 -2.186 -48.785 0.000 0.005 3.733 -1.099
3.767 6.817 -2.430 -48.785 0.000 0.005 3.767 -1.099
3.801 6.803 -2.674 -48.785 0.000 0.005 3.801 -1.099
3.835 6.789 -2.917 -48.785 0.000 0.005 3.835 -1.099
3.869 6.773 -3.161 -48.785 0.000 0.005 3.869 -1.099
3.903 6.756 -3.405 -48.785 0.000 0.005 3.903 -1.099
3.937 6.738 -3.649 -48.785 0.000 0.005 3.937 -1.099
3.970 6.718 -3.893 -48.785 0.000 0.005 3.970 -1.099
4.004 6.698 -4.137 -48.785 0.000 0.005 4.004 -1.099
4.037 6.676 -4.381 -48.785 0.000 0.005 4.037 -1.099
4.070 6.653 -4.625 -48.785 0.000 0.005 4.070 -1.099
4.104 6.628 -4.869 -48.785 0.000 0.005 4.104 -1.099
4.137 6.603 -5.113 -48.785 0.000 0.005 4.137 -1.099
4.169 6.576 -5.357 -48.785 0.000 0.005 4.169 -1.099
4.202 6.548 -5.601 -48.785 0.000 0.005 4.202 -1.099
4.235 6.519 -5.845 -48.785 0.000 0.005 4.235 -1.099
4.267 6.488 -6.088 -48.785 0.000 0.005 4.267 -1.099
4.300 6.456 -6.332 -48.785 0.000 0.005 4.300 -1.099
4.332 6.424 -6.576 -48.785 0.000 0.005 4.332 -1.099
4.364 6.389 -6.820 -48.785 0.000 0.005 4.364 -1.099
4.395 6.354 -7.064 -48.785 0.000 0.005 4.395 -1.099
4.427 6.318 -7.308 -48.785 0.000 0.005 4.427 -1.099
4.458 6.280 -7.552 -48.785 0.000 0.005 4.458 -1.099
4.490 6.241 -7.796 -48.785 0.000 0.005 4.490 -1.099
4.521 6.201 -8.040 -48.785 0.000 0.005 4.521 -1.099
4.551 6.160 -8.228 -37.556 0.000 0.005 4.551 -1.099
4.582 6.118 -8.293 -13.163 0.000 0.005 4.582 -1.099
4.612 6.077 -8.293 0.000 0.000 0.005 4.612 -1.099
4.643 6.035 -8.293 0.000 0.000 0.005 4.643 -1.099
4.672 5.994 -8.293 -0.000 0.000 0.005 4.672 -1.099
4.702 5.952 -8.293 0.000 0.000 0.005 4.702 -1.099
4.732 5.911 -8.293 -0.000 0.000 0.005 4.732 -1.099
4.761 5.869 -8.293 0.000 0.000 0.005 4.761 -1.099
4.790 5.828 -8.293 -0.000 0.000 0.005 4.790 -1.099
4.819 5.786 -8.293 0.000 0.000 0.005 4.819 -1.099
4.848 5.745 -8.293 -0.000 0.000 0.005 4.848 -1.099
4.876 5.703 -8.293 0.000 0.000 0.005 4.876 -1.099
4.905 5.662 -8.293 0.000 0.000 0.005 4.905 -1.099
4.933 5.620 -8.293 0.000 0.000 0.005 4.933 -1.099
4.961 5.579 -8.293 -0.000 0.000 0.005 4.961 -1.099
4.988 5.538 -8.293 0.000 0.000 0.005 4.988 -1.099
5.016 5.496 -8.293 -0.000 0.000 0.005 5.016 -1.099
5.043 5.455 -8.293 0.000 0.000 0.005 5.043 -1.099
5.070 5.413 -8.293 -0.000 0.000 0.005 5.070 -1.099
5.097 5.372 -8.293 0.000 0.000 0.005 5.097 -1.099
5.124 5.330 -8.293 -0.000 0.000 0.005 5.124 -1.099
5.150 5.289 -8.293 0.000 0.000 0.005 5.150 -1.099
5.176 5.247 -8.293 0.000 0.000 0.005 5.176 -1.099
5.202 5.206 -8.293 -0.000 0.000 0.005 5.202 -1.099
5.228 5.164 -8.293 0.000 0.000 0.005 5.228 -1.099
5.254 5.123 -8.293 -0.000 0.000 0.005 5.254 -1.099
5.279 5.081 -8.293 0.000 0.000 0.005 5.279 -1.099
5.305 5.040 -8.293 0.000 0.000 0.005 5.305 -1.099
5.330 4.998 -8.293 0.000 0.000 0.005 5.330 -1.099
5.354 4.957 -8.293 -0.000 0.000 0.005 5.354 -1.099
5.379 4.916 -8.293 -0.000 0.000 0.005 5.379 -1.099
5.403 4.874 -8.293 0.000 0.000 0.005 5.403 -1.099
5.427 4.833 -8.293 -0.000 0.000 0.005 5.427 -1.099
5.451 4.791 -8.293 0.000 0.000 0.005 5.451 -1.099
5.475 4.750 -8.293 -0.000 0.000 0.005 5.475 -1.099
5.499 4.708 -8.293 0.000 0.000 0.005 5.499 -1.099
5.522 4.667 -8.293 -0.000 0.000 0.005 5.522 -1.099
5.545 4.625 -8.293 0.000 0.000 0.005 5.545 -1.099
5.568 4.584 -8.293 -0.000 0.000 0.005 5.568 -1.099
5.591 4.542 -8.293 0.000 0.000 0.005 5.591 -1.099
5.613 4.501 -8.293 -0.000 0.000 0.005 5.613 -1.099
5.636 4.459 -8.293 -0.000 0.000 0.005 5.636 -1.099
5.658 4.418 -8.293 0.000 0.000 0.005 5.658 -1.099
5.680 4.376 -8.293 0.000 0.000 0.005 5.680 -1.099
5.701 4.335 -8.293 -0.000 0.000 0.005 5.701 -1.099
5.723 4.294 -8.293 0.000 0.000 0.005 5.723 -1.099
5.744 4.252 -8.293 -0.000 0.000 0.005 5.744 -1.099
5.765 4.211 -8.293 0.000 0.000 0.005 5.765 -1.099
5.786 4.169 -8.293 -0.000 0.000 0.005 5.786 -1.099
5.806 4.128 -8.293 0.000 0.000 0.005 5.806 -1.099
5.827 4.086 -8.293 -0.000 0.000 0.005 5.827 -1.099
5.847 4.045 -8.293 0.000 0.000 0.005 5.847 -1.099
5.867 4.003 -8.293 -0.000 0.000 0.005 5.867 -1.099
5.887 3.962 -8.293 0.000 0.000 0.005 5.887 -1.099
5.907 3.920 -8.293 -0.000 0.000 0.005 5.907 -1.099
5.926 3.879 -8.293 -0.000 0.000 0.005 5.926 -1.099
5.945 3.837 -8.293 0.000 0.000 0.005 5.945 -1.099
5.964 3.796 -8.293 0.000 0.000 0.005 5.964 -1.099
5.983 3.754 -8.293 0.000 0.000 0.005 5.983 -1.099
6.001 3.713 -8.293 -0.000 0.000 0.005 6.001 -1.099
6.020 3.672 -8.293 0.000 0.000 0.005 6.020 -1.099
6.038 3.630 -8.293 0.000 0.000 0.005 6.038 -1.099
6.056 3.589 -8.293 0.000 0.000 0.005 6.056 -1.099
6.074 3.547 -8.293 0.000 0.000 0.005 6.074 -1.099
6.091 3.506 -8.293 -0.000 0.000 0.005 6.091 -1.099
6.108 3.464 -8.293 0.000 0.000 0.005 6.108 -1.099
6.126 3.423 -8.293 -0.000 0.000 0.005 6.126 -1.099
6.142 3.381 -8.293 0.000 0.000 0.005 6.142 -1.099
6.159 3.340 -8.293 -0.000 0.000 0.005 6.159 -1.099
6.176 3.298 -8.293 0.000 0.000 0.005 6.176 -1.099
6.192 3.257 -8.293 0.000 0.000 0.005 6.192 -1.099
6.208 3.215 -8.293 -0.000 0.000 0.005 6.208 -1.099
6.224 3.174 -8.293 0.000 0.000 0.005 6.224 -1.099
6.240 3.132 -8.293 0.000 0.000 0.005 6.240 -1.099
6.255 3.091 -8.293 -0.000 0.000 0.005 6.255 -1.099
6.270 3.050 -8.293 0.000 0.000 0.005 6.270 -1.099
6.285 3.008 -8.293 -0.000 0.000 0.005 6.285 -1.099
6.300 2.967 -8.293 -0.000 0.000 0.005 6.300 -1.099
6.315 2.925 -8.293 0.000 0.000 0.005 6.315 -1.099
6.329 2.884 -8.293 -0.000 0.000 0.005 6.329 -1.099
6.343 2.842 -8.293 0.000 0.000 0.005 6.343 -1.099
6.357 2.801 -8.293 0.000 0.000 0.005 6.357 -1.099
6.371 2.759 -8.293 -0.000 0.000 0.005 6.371 -1.099
6.385 2.718 -8.293 -0.000 0.000 0.005 6.385 -1.099
6.398 2.676 -8.293 0.000 0.000 0.005 6.398 -1.099
6.411 2.635 -8.293 0.000 0.000 0.005 6.411 -1.099
6.424 2.593 -8.293 0.000 0.000 0.005 6.424 -1.099
6.437 2.552 -8.293 -0.000 0.000 0.005 6.437 -1.099
6.450 2.510 -8.293 0.000 0.000 0.005 6.450 -1.099
6.462 2.469 -8.293 0.000 0.000 0.005 6.462 -1.099
6.474 2.427 -8.293 0.000 0.000 0.005 6.474 -1.099
6.486 2.386 -8.293 0.000 0.000 0.005 6.486 -1.099
6.498 2.345 -8.293 -0.000 0.000 0.005 6.498 -1.099
6.509 2.303 -8.293 0.000 0.000 0.005 6.509 -1.099
6.521 2.262 -8.293 0.000 0.000 0.005 6.521 -1.099
6.532 2.220 -8.293 0.000 0.000 0.005 6.532 -1.099
6.543 2.179 -8.293 -0.000 0.000 0.005 6.543 -1.099
6.553 2.137 -8.293 0.000 0.000 0.005 6.553 -1.099
6.564 2.096 -8.293 -0.000 0.000 0.005 6.564 -1.099
6.574 2.054 -8.293 0.000 0.000 0.005 6.574 -1.099
6.584 2.013 -8.293 0.000 0.000 0.005 6.584 -1.099
6.594 1.971 -8.293 0.000 0.000 0.005 6.594 -1.099
6.604 1.930 -8.293 0.000 0.000 0.005 6.604 -1.099
6.613 1.888 -8.293 -0.000 0.000 0.005 6.613 -1.099
6.622 1.847 -8.293 0.000 0.000 0.005 6.622 -1.099
6.631 1.805 -8.293 -0.000 0.000 0.005 6.631 -1.099
6.640 1.764 -8.293 0.000 0.000 0.005 6.640 -1.099
6.649 1.723 -8.293 0.000 0.000 0.005 6.649 -1.099
6.657 1.681 -8.293 -0.000 0.000 0.005 6.657 -1.099
6.665 1.640 -8.293 0.000 0.000 0.005 6.665 -1.099
6.673 1.598 -8.293 0.000 0.000 0.005 6.673 -1.099
6.681 1.557 -8.293 -0.000 0.000 0.005 6.681 -1.099
6.689 1.515 -8.293 0.000 0.000 0.005 6.689 -1.099
6.696 1.474 -8.293 -0.000 0.000 0.005 6.696 -1.099
6.703 1.432 -8.293 0.000 0.000 0.005 6.703 -1.099
6.710 1.391 -8.293 -0.000 0.000 0.005 6.710 -1.099
6.717 1.349 -8.293 0.000 0.000 0.005 6.717 -1.099
6.723 1.308 -8.293 -0.000 0.000 0.005 6.723 -1.099
6.730 1.266 -8.293 0.000 0.000 0.005 6.730 -1.099
6.736 1.225 -8.293 -0.000 0.000 0.005 6.736 -1.099
6.742 1.183 -8.293 0.000 0.000 0.005 6.742 -1.099
6.748 1.142 -8.293 0.000 0.000 0.005 6.748 -1.099
6.753 1.101 -8.293 -0.000 0.000 0.005 6.753 -1.099
6.758 1.059 -8.293 0.000 0.000 0.005 6.758 -1.099
6.763 1.018 -8.293 -0.000 0.000 0.005 6.763 -1.099
6.768 0.976 -8.293 0.000 0.000 0.005 6.768 -1.099
6.773 0.935 -8.293 0.000 0.000 0.005 6.773 -1.099
6.777 0.893 -8.293 0.000 0.000 0.005 6.777 -1.099
6.782 0.852 -8.293 0.000 0.000 0.005 6.782 -1.099
6.786 0.810 -8.293 0.000 0.000 0.005 6.786 -1.099
6.790 0.769 -8.293 -0.000 0.000 0.005 6.790 -1.099
6.793 0.727 -8.293 0.000 0.000 0.005 6.793 -1.099
6.797 0.686 -8.237 11.229 0.000 0.005 6.797 -1.099
6.800 0.646 -8.059 35.622 0.000 0.005 6.800 -1.099
6.803 0.607 -7.815 48.785 0.000 0.005 6.803 -1.099
6.806 0.569 -7.571 48.785 0.000 0.005 6.806 -1.099
6.808 0.532 -7.327 48.785 0.000 0.005 6.808 -1.099
6.811 0.497 -7.084 48.785 0.000 0.005 6.811 -1.099
6.813 0.463 -6.840 48.785 0.000 0.005 6.813 -1.099
6.815 0.430 -6.596 48.785 0.000 0.005 6.815 -1.099
6.817 0.398 -6.352 48.785 0.000 0.005 6.817 -1.099
6.819 0.367 -6.108 48.785 0.000 0.005 6.819 -1.099
6.821 0.338 -5.864 48.785 0.000 0.005 6.821 -1.099
6.822 0.310 -5.620 48.785 0.000 0.005 6.822 -1.099
6.824 0.283 -5.376 48.785 0.000 0.005 6.824 -1.099
6.825 0.257 -5.132 48.785 0.000 0.005 6.825 -1.099
6.826 0.233 -4.888 48.785 0.000 0.005 6.826 -1.099
6.827 0.210 -4.644 48.785 0.000 0.005 6.827 -1.099
6.828 0.188 -4.400 48.785 0.000 0.005 6.828 -1.099
6.829 0.167 -4.156 48.785 0.000 0.005 6.829 -1.099
6.830 0.147 -3.912 48.785 0.000 0.005 6.830 -1.099
6.831 0.129 -3.669 48.785 0.000 0.005 6.831 -1.099
6.831 0.112 -3.425 48.785 0.000 0.005 6.831 -1.099
6.832 0.096 -3.181 48.785 0.000 0.005 6.832 -1.099
6.832 0.081 -2.937 48.785 0.000 0.005 6.832 -1.099
6.832 0.068 -2.693 48.785 0.000 0.005 6.832 -1.099
6.833 0.056 -2.449 48.785 0.000 0.005 6.833 -1.099
6.833 0.045 -2.205 48.785 0.000 0.005 6.833 -1.099
6.833 0.035 -1.961 48.785 0.000 0.005 6.833 -1.099
6.833 0.026 -1.717 48.785 0.000 0.005 6.833 -1.099
6.833 0.019 -1.473 48.785 0.000 0.005 6.833 -1.099
6.833 0.013 -1.229 48.785 0.000 0.005 6.833 -1.099
6.833 0.008 -0.985 48.785 0.000 0.005 6.833 -1.099
6.833 0.004 -0.741 48.785 0.000 0.005 6.833 -1.099
6.833 0.002 -0.498 48.785 0.000 0.005 6.833 -1.099
6.833 0.000 -0.254 48.785 0.000 0.005 6.833 -1.099
6.833 0.000 -0.066 37.556 0.000 0.005 6.833 -1.099
