CenterGoToNeutral
385
0.000 0.020 1.000 50.000 3.142 0.020 -0.000 -1.099
0.001 0.040 1.000 -0.001 3.142 0.020 -0.001 -1.099
0.003 0.090 2.500 74.996 3.142 0.020 -0.003 -1.099
0.006 0.160 3.500 49.989 3.142 0.020 -0.006 -1.099
0.011 0.250 4.499 49.974 3.142 0.020 -0.011 -1.099
0.018 0.350 4.998 24.956 3.142 0.020 -0.018 -1.099
0.027 0.450 4.997 -0.060 3.142 0.020 -0.027 -1.099
0.038 0.550 4.996 -0.076 3.142 0.020 -0.038 -1.099
0.051 0.650 4.994 -0.091 3.142 0.020 -0.051 -1.099
0.066 0.750 4.992 -0.105 3.142 0.020 -0.066 -1.099
0.083 0.849 4.989 -0.118 3.142 0.020 -0.083 -1.099
0.102 0.949 4.987 -0.130 3.142 0.020 -0.102 -1.099
0.123 1.049 4.984 -0.140 3.142 0.020 -0.123 -1.099
0.146 1.148 4.981 -0.149 3.142 0.020 -0.146 -1.099
0.171 1.248 4.978 -0.156 3.142 0.020 -0.171 -1.099
0.198 1.347 4.975 -0.161 3.142 0.020 -0.198 -1.099
0.227 1.447 4.971 -0.164 3.142 0.020 -0.227 -1.099
0.258 1.546 4.968 -0.164 3.142 0.020 -0.258 -1.099
0.291 1.645 4.965 -0.162 3.142 0.020 -0.291 -1.099
0.325 1.745 4.962 -0.158 3.142 0.020 -0.325 -1.099
0.362 1.844 4.959 -0.150 3.142 0.020 -0.362 -1.099
0.401 1.943 4.956 -0.140 3.142 0.020 -0.401 -1.099
0.442 2.042 4.953 -0.128 3.142 0.020 -0.442 -1.099
0.485 2.141 4.951 -0.112 3.143 0.020 -0.485 -1.099
0.530 2.240 4.949 -0.093 3.143 0.020 -0.530 -1.099
0.576 2.339 4.948 -0.071 3.143 0.020 -0.576 -1.099
0.625 2.438 4.947 -0.046 3.143 0.020 -0.625 -1.099
0.676 2.537 4.946 -0.017 3.143 0.020 -0.676 -1.099
0.729 2.636 4.947 0.014 3.144 0.020 -0.729 -1.100
0.783 2.735 4.948 0.049 3.144 0.020 -0.783 -1.100
0.840 2.834 4.949 0.086 3.144 0.020 -0.840 -1.100
0.899 2.933 4.952 0.127 3.145 0.020 -0.899 -1.100
0.959 3.032 4.955 0.171 3.145 0.020 -0.959 -1.100
1.022 3.131 4.960 0.218 3.145 0.020 -1.022 -1.100
1.087 3.230 4.965 0.267 3.146 0.020 -1.087 -1.101
1.153 3.330 4.971 0.320 3.146 0.020 -1.153 -1.101
1.222 3.429 4.979 0.375 3.146 0.020 -1.222 -1.101
1.292 3.529 4.988 0.433 3.147 0.020 -1.292 -1.102
1.365 3.629 4.998 0.493 3.147 0.020 -1.365 -1.102
1.439 3.729 5.009 0.556 3.148 0.020 -1.439 -1.102
1.516 3.830 5.021 0.621 3.148 0.020 -1.516 -1.103
1.595 3.930 5.035 0.690 3.148 0.020 -1.595 -1.103
1.675 4.031 5.050 0.760 3.149 0.020 -1.675 -1.104
1.758 4.133 5.067 0.834 3.149 0.020 -1.758 -1.105
1.843 4.234 5.085 0.910 3.149 0.020 -1.843 -1.105
1.929 4.337 5.105 0.989 3.149 0.020 -1.929 -1.106
2.018 4.439 5.126 1.072 3.150 0.020 -2.018 -1.107
2.109 4.542 5.149 1.158 3.150 0.020 -2.109 -1.107
2.202 4.646 5.174 1.249 3.150 0.020 -2.202 -1.108
2.297 4.750 5.201 1.345 3.150 0.020 -2.297 -1.109
2.394 4.844 4.729 -23.587 3.150 0.020 -2.394 -1.110
2.492 4.919 3.756 -48.648 3.150 0.020 -2.492 -1.110
2.592 4.975 2.781 -48.778 3.149 0.020 -2.592 -1.111
2.692 5.011 1.802 -48.943 3.149 0.020 -2.692 -1.112
2.792 5.027 0.819 -49.142 3.148 0.020 -2.792 -1.113
2.893 5.034 0.335 -24.187 3.148 0.020 -2.893 -1.113
2.994 5.041 0.354 0.917 3.147 0.020 -2.994 -1.114
3.095 5.049 0.373 0.937 3.146 0.020 -3.095 -1.114
3.196 5.056 0.392 0.962 3.145 0.020 -3.196 -1.115
3.297 5.065 0.412 0.992 3.144 0.020 -3.297 -1.115
3.399 5.073 0.432 1.028 3.143 0.020 -3.399 -1.115
3.500 5.082 0.454 1.070 3.141 0.020 -3.500 -1.115
3.602 5.092 0.476 1.119 3.140 0.020 -3.602 -1.115
3.704 5.102 0.499 1.175 3.138 0.020 -3.704 -1.115
3.807 5.112 0.524 1.239 3.136 0.020 -3.806 -1.115
3.909 5.123 0.550 1.311 3.133 0.020 -3.909 -1.114
4.012 5.135 0.578 1.391 3.131 0.020 -4.012 -1.113
4.115 5.147 0.608 1.482 3.128 0.020 -4.115 -1.112
4.218 5.160 0.640 1.584 3.125 0.020 -4.218 -1.110
4.321 5.173 0.674 1.697 3.122 0.020 -4.321 -1.108
4.425 5.188 0.710 1.824 3.119 0.020 -4.425 -1.106
4.529 5.202 0.749 1.965 3.115 0.020 -4.529 -1.103
4.633 5.218 0.792 2.122 3.111 0.020 -4.633 -1.101
4.738 5.235 0.838 2.298 3.107 0.020 -4.738 -1.097
4.843 5.253 0.888 2.493 3.102 0.020 -4.843 -1.093
4.949 5.272 0.942 2.711 3.097 0.020 -4.948 -1.089
5.054 5.292 1.001 2.955 3.092 0.020 -5.054 -1.084
5.161 5.313 1.065 3.227 3.086 0.020 -5.160 -1.078
5.267 5.336 1.136 3.531 3.080 0.020 -5.267 -1.072
5.375 5.360 1.214 3.872 3.074 0.020 -5.374 -1.065
5.482 5.386 1.299 4.253 3.067 0.020 -5.481 -1.057
5.591 5.414 1.392 4.681 3.059 0.020 -5.589 -1.049
5.700 5.444 1.495 5.162 3.051 0.020 -5.697 -1.040
5.809 5.476 1.610 5.703 3.042 0.020 -5.806 -1.029
5.919 5.511 1.736 6.311 3.033 0.020 -5.916 -1.018
6.030 5.548 1.876 6.996 3.023 0.020 -6.026 -1.005
6.142 5.589 2.031 7.767 3.012 0.020 -6.137 -0.991
6.255 5.633 2.204 8.636 3.001 0.020 -6.249 -0.976
6.368 5.681 2.396 9.616 2.988 0.020 -6.361 -0.960
6.483 5.733 2.610 10.717 2.975 0.020 -6.474 -0.941
6.599 5.790 2.849 11.955 2.961 0.020 -6.589 -0.921
6.716 5.852 3.116 13.340 2.945 0.020 -6.704 -0.899
6.834 5.921 3.414 14.885 2.928 0.020 -6.819 -0.875
6.954 5.995 3.746 16.596 2.910 0.020 -6.936 -0.849
7.076 6.078 4.115 18.473 2.891 0.020 -7.054 -0.820
7.199 6.168 4.525 20.506 2.869 0.020 -7.174 -0.788
7.324 6.268 4.979 22.662 2.846 0.020 -7.294 -0.753
7.452 6.377 5.476 24.886 2.821 0.020 -7.416 -0.714
7.582 6.498 6.018 27.075 2.794 0.020 -7.538 -0.672
7.714 6.630 6.599 29.069 2.764 0.020 -7.662 -0.625
7.850 6.774 7.212 30.624 2.732 0.020 -7.787 -0.573
7.989 6.931 7.840 31.388 2.697 0.020 -7.914 -0.516
8.131 7.100 8.457 30.872 2.659 0.020 -8.041 -0.452
8.276 7.280 9.026 28.445 2.617 0.020 -8.168 -0.382
8.426 7.470 9.493 23.342 2.572 0.020 -8.296 -0.304
8.579 7.666 9.787 14.735 2.524 0.020 -8.423 -0.218
8.736 7.863 9.825 1.896 2.472 0.020 -8.549 -0.124
8.897 8.053 9.514 -15.551 2.416 0.020 -8.672 -0.021
9.062 8.228 8.769 -37.267 2.357 0.020 -8.792 0.092
9.229 8.379 7.532 -61.860 2.296 0.020 -8.907 0.214
9.399 8.495 5.797 -86.723 2.232 0.020 -9.016 0.345
9.571 8.567 3.632 -108.290 2.167 0.020 -9.116 0.483
9.742 8.591 1.175 -122.802 2.102 0.020 -9.208 0.629
9.914 8.563 -1.373 -127.413 2.037 0.020 -9.290 0.779
10.083 8.488 -3.796 -121.175 1.973 0.020 -9.361 0.933
10.251 8.369 -5.904 -105.386 1.912 0.020 -9.422 1.089
10.415 8.218 -7.566 -83.114 1.853 0.020 -9.473 1.245
10.576 8.044 -8.729 -58.154 1.798 0.020 -9.513 1.401
10.733 7.855 -9.408 -33.947 1.746 0.020 -9.545 1.555
10.886 7.662 -9.666 -12.903 1.698 0.020 -9.568 1.707
11.036 7.470 -9.591 3.775 1.653 0.020 -9.583 1.855
11.182 7.285 -9.273 15.889 1.611 0.020 -9.592 2.001
11.324 7.109 -8.795 23.888 1.573 0.020 -9.595 2.143
11.463 6.944 -8.225 28.528 1.537 0.020 -9.593 2.282
11.598 6.792 -7.612 30.631 1.505 0.020 -9.586 2.417
11.731 6.652 -6.993 30.937 1.475 0.020 -9.575 2.550
11.862 6.524 -6.392 30.055 1.447 0.020 -9.561 2.680
11.990 6.408 -5.823 28.446 1.421 0.020 -9.543 2.807
12.116 6.302 -5.295 26.442 1.398 0.020 -9.523 2.931
12.240 6.206 -4.809 24.270 1.376 0.020 -9.500 3.053
12.363 6.119 -4.368 22.081 1.355 0.020 -9.475 3.173
12.483 6.039 -3.968 19.968 1.336 0.020 -9.448 3.290
12.603 5.967 -3.609 17.982 1.319 0.020 -9.420 3.406
12.721 5.901 -3.285 16.151 1.302 0.020 -9.389 3.520
12.838 5.841 -2.996 14.484 1.287 0.020 -9.357 3.633
12.953 5.787 -2.736 12.981 1.273 0.020 -9.324 3.744
13.068 5.737 -2.504 11.633 1.259 0.020 -9.290 3.853
13.182 5.691 -2.295 10.429 1.247 0.020 -9.254 3.961
13.295 5.649 -2.108 9.357 1.235 0.020 -9.218 4.068
13.407 5.610 -1.940 8.403 1.224 0.020 -9.180 4.174
13.519 5.574 -1.789 7.556 1.213 0.020 -9.142 4.278
13.629 5.541 -1.653 6.804 1.204 0.020 -9.102 4.382
13.740 5.510 -1.530 6.135 1.194 0.020 -9.062 4.485
13.849 5.482 -1.419 5.540 1.185 0.020 -9.021 4.586
13.958 5.456 -1.319 5.011 1.177 0.020 -8.980 4.687
14.067 5.431 -1.228 4.539 1.169 0.020 -8.938 4.788
14.175 5.408 -1.146 4.118 1.162 0.020 -8.895 4.887
14.283 5.387 -1.071 3.741 1.155 0.020 -8.852 4.986
14.390 5.367 -1.003 3.404 1.148 0.020 -8.808 5.084
14.497 5.348 -0.941 3.101 1.142 0.020 -8.764 5.181
14.604 5.330 -0.884 2.829 1.136 0.020 -8.720 5.278
14.710 5.313 -0.833 2.584 1.130 0.020 -8.675 5.374
14.816 5.298 -0.785 2.363 1.125 0.020 -8.629 5.470
14.922 5.283 -0.742 2.164 1.120 0.020 -8.583 5.565
15.027 5.269 -0.702 1.983 1.115 0.020 -8.537 5.660
15.132 5.256 -0.666 1.819 1.110 0.020 -8.491 5.754
15.237 5.243 -0.633 1.669 1.106 0.020 -8.444 5.848
15.342 5.231 -0.602 1.533 1.101 0.020 -8.397 5.941
15.446 5.219 -0.574 1.409 1.097 0.020 -8.349 6.034
15.550 5.208 -0.548 1.295 1.094 0.020 -8.302 6.127
15.654 5.198 -0.524 1.190 1.090 0.020 -8.254 6.219
15.758 5.188 -0.502 1.094 1.087 0.020 -8.206 6.311
15.861 5.178 -0.482 1.005 1.083 0.020 -8.157 6.403
15.965 5.169 -0.464 0.923 1.080 0.020 -8.109 6.494
16.068 5.160 -0.447 0.847 1.077 0.020 -8.060 6.585
16.171 5.151 -0.431 0.776 1.075 0.020 -8.011 6.676
16.274 5.143 -0.417 0.710 1.072 0.020 -7.962 6.766
16.377 5.135 -0.404 0.648 1.070 0.020 -7.913 6.856
16.479 5.127 -0.392 0.590 1.067 0.020 -7.863 6.946
16.581 5.120 -0.381 0.535 1.065 0.020 -7.814 7.036
16.684 5.112 -0.372 0.483 1.063 0.020 -7.764 7.125
16.786 5.105 -0.363 0.433 1.061 0.020 -7.714 7.214
16.888 5.098 -0.355 0.386 1.059 0.020 -7.665 7.303
16.990 5.091 -0.349 0.341 1.058 0.020 -7.615 7.392
17.091 5.084 -0.343 0.297 1.056 0.020 -7.565 7.480
17.193 5.077 -0.338 0.254 1.055 0.020 -7.515 7.569
17.294 5.070 -0.333 0.213 1.053 0.020 -7.465 7.657
17.396 5.064 -0.330 0.172 1.052 0.020 -7.414 7.745
17.497 5.057 -0.327 0.132 1.051 0.020 -7.364 7.833
17.598 5.051 -0.325 0.092 1.050 0.020 -7.314 7.920
17.699 5.044 -0.324 0.052 1.050 0.020 -7.264 8.008
17.799 5.038 -0.324 0.011 1.049 0.020 -7.214 8.095
17.900 5.031 -0.325 -0.030 1.048 0.020 -7.163 8.182
18.000 5.025 -0.326 -0.071 1.048 0.020 -7.113 8.269
18.101 5.018 -0.328 -0.114 1.048 0.020 -7.063 8.356
18.201 5.012 -0.332 -0.159 1.047 0.020 -7.013 8.443
18.301 5.005 -0.336 -0.205 1.047 0.020 -6.963 8.530
18.401 5.016 0.543 43.943 1.047 0.020 -6.913 8.617
18.503 5.072 2.820 113.851 1.046 0.020 -6.862 8.705
18.606 5.141 3.425 30.245 1.043 0.020 -6.810 8.794
18.710 5.219 3.935 25.505 1.039 0.020 -6.758 8.884
18.816 5.308 4.430 24.737 1.033 0.020 -6.704 8.975
18.924 5.406 4.918 24.410 1.026 0.020 -6.648 9.068
19.035 5.515 5.407 24.469 1.017 0.020 -6.590 9.162
19.147 5.633 5.904 24.833 1.005 0.020 -6.531 9.257
19.263 5.761 6.412 25.380 0.991 0.020 -6.468 9.354
19.381 5.899 6.931 25.942 0.975 0.020 -6.403 9.452
19.502 6.049 7.456 26.289 0.956 0.020 -6.334 9.552
19.626 6.208 7.978 26.107 0.934 0.020 -6.261 9.652
19.753 6.378 8.478 24.987 0.909 0.020 -6.184 9.754
19.884 6.556 8.927 22.415 0.880 0.020 -6.102 9.856
20.019 6.742 9.282 17.786 0.849 0.020 -6.015 9.959
20.158 6.932 9.491 10.449 0.814 0.020 -5.921 10.061
20.300 7.121 9.488 -0.178 0.775 0.020 -5.821 10.163
20.446 7.305 9.199 -14.439 0.733 0.020 -5.715 10.263
20.596 7.477 8.555 -32.190 0.688 0.020 -5.602 10.361
20.748 7.627 7.504 -52.556 0.640 0.020 -5.481 10.455
20.903 7.747 6.028 -73.778 0.590 0.020 -5.355 10.544
21.060 7.830 4.162 -93.314 0.539 0.020 -5.223 10.628
21.217 7.870 1.997 -108.272 0.486 0.020 -5.085 10.705
21.375 7.864 -0.326 -116.142 0.434 0.020 -4.944 10.775
21.531 7.811 -2.637 -115.559 0.383 0.020 -4.801 10.837
21.685 7.716 -4.773 -106.771 0.334 0.020 -4.657 10.891
21.837 7.584 -6.604 -91.553 0.287 0.020 -4.512 10.937
21.985 7.422 -8.056 -72.632 0.242 0.020 -4.369 10.976
22.130 7.240 -9.115 -52.904 0.202 0.020 -4.228 11.008
22.271 7.044 -9.810 -34.770 0.164 0.020 -4.089 11.033
22.408 6.840 -10.206 -19.808 0.131 0.020 -3.954 11.054
22.540 6.632 -10.381 -8.759 0.101 0.020 -3.822 11.069
22.669 6.424 -10.416 -1.722 0.075 0.020 -3.694 11.080
22.793 6.216 -10.384 1.578 0.053 0.020 -3.570 11.088
22.913 6.009 -10.353 1.556 0.035 0.020 -3.450 11.093
23.029 5.802 -10.381 -1.405 0.020 0.020 -3.334 11.097
23.141 5.591 -10.523 -7.077 0.010 0.020 -3.222 11.098
23.249 5.374 -10.832 -15.451 0.003 0.020 -3.115 11.099
23.352 5.147 -11.368 -26.805 0.000 0.020 -3.012 11.099
23.452 5.002 -7.270 204.869 0.000 0.020 -2.912 11.099
23.552 5.000 -0.083 359.394 0.000 0.020 -2.812 11.099
23.652 5.000 0.000 4.127 0.000 0.020 -2.712 11.099
23.752 5.000 -0.000 -0.000 0.000 0.020 -2.612 11.099
23.852 5.000 -0.000 -0.000 0.000 0.020 -2.512 11.099
23.952 5.000 -0.000 0.000 0.000 0.020 -2.412 11.099
24.052 5.000 0.000 0.000 0.000 0.020 -2.312 11.099
24.152 5.000 -0.000 -0.000 0.000 0.020 -2.212 11.099
24.252 5.000 0.000 0.000 0.000 0.020 -2.112 11.099
24.352 5.000 0.000 -0.000 0.000 0.020 -2.012 11.099
24.452 5.000 -0.000 -0.000 0.000 0.020 -1.912 11.099
24.552 5.000 0.000 0.000 0.000 0.020 -1.812 11.099
24.652 5.000 -0.000 -0.000 0.000 0.020 -1.712 11.099
24.752 5.000 0.000 0.000 0.000 0.020 -1.612 11.099
24.852 5.000 0.000 -0.000 0.000 0.020 -1.512 11.099
24.952 5.000 -0.000 -0.000 0.000 0.020 -1.412 11.099
25.052 5.000 -0.000 -0.000 0.000 0.020 -1.312 11.099
25.152 5.000 -0.000 0.000 0.000 0.020 -1.212 11.099
25.252 5.000 0.000 0.000 0.000 0.020 -1.112 11.099
25.352 5.000 0.000 0.000 0.000 0.020 -1.012 11.099
25.452 5.000 -0.000 -0.000 0.000 0.020 -0.912 11.099
25.552 5.000 0.000 0.000 0.000 0.020 -0.812 11.099
25.652 5.000 -0.000 -0.000 0.000 0.020 -0.712 11.099
25.752 5.000 0.000 0.000 0.000 0.020 -0.612 11.099
25.852 5.000 0.000 -0.000 0.000 0.020 -0.512 11.099
25.952 5.000 0.000 0.000 0.000 0.020 -0.412 11.099
26.052 5.000 0.000 0.000 0.000 0.020 -0.312 11.099
26.152 5.000 -0.000 -0.000 0.000 0.020 -0.212 11.099
26.252 5.000 0.000 0.000 0.000 0.020 -0.112 11.099
26.352 5.000 0.000 -0.000 0.000 0.020 -0.012 11.099
26.452 5.000 0.000 0.000 0.000 0.020 0.088 11.099
26.552 5.000 -0.000 -0.000 0.000 0.020 0.188 11.099
26.652 5.000 0.000 0.000 0.000 0.020 0.288 11.099
26.752 5.000 -0.000 -0.000 0.000 0.020 0.388 11.099
26.852 5.000 0.000 0.000 0.000 0.020 0.488 11.099
26.952 5.000 -0.000 -0.000 0.000 0.020 0.588 11.099
27.052 5.000 0.000 0.000 0.000 0.020 0.688 11.099
27.152 5.000 0.000 0.000 0.000 0.020 0.788 11.099
27.252 5.000 -0.000 -0.000 0.000 0.020 0.888 11.099
27.352 5.000 0.000 0.000 0.000 0.020 0.988 11.099
27.452 5.000 -0.000 -0.000 0.000 0.020 1.088 11.099
27.552 5.000 0.000 0.000 0.000 0.020 1.188 11.099
27.652 5.000 0.000 0.000 0.000 0.020 1.288 11.099
27.752 5.000 0.000 0.000 0.000 0.020 1.388 11.099
27.852 5.000 -0.000 -0.000 0.000 0.020 1.488 11.099
27.952 5.000 0.000 0.000 0.000 0.020 1.588 11.099
28.052 5.000 -0.000 -0.000 0.000 0.020 1.688 11.099
28.152 5.000 0.000 0.000 0.000 0.020 1.788 11.099
28.252 5.000 -0.000 -0.000 0.000 0.020 1.888 11.099
28.352 5.000 0.000 0.000 0.000 0.020 1.988 11.099
28.452 5.000 -0.000 -0.000 0.000 0.020 2.088 11.099
28.552 5.000 0.000 0.000 0.000 0.020 2.188 11.099
28.652 5.000 -0.000 -0.000 0.000 0.020 2.288 11.099
28.752 5.000 0.000 0.000 0.000 0.020 2.388 11.099
28.852 5.000 0.000 0.000 0.000 0.020 2.488 11.099
28.952 5.000 -0.000 -0.000 0.000 0.020 2.588 11.099
29.052 5.000 0.000 0.000 0.000 0.020 2.688 11.099
29.152 5.000 -0.000 -0.000 0.000 0.020 2.788 11.099
29.252 5.000 0.000 0.000 0.000 0.020 2.888 11.099
29.352 5.000 -0.000 -0.000 0.000 0.020 2.988 11.099
29.452 5.000 0.000 0.000 0.000 0.020 3.088 11.099
29.552 5.000 -0.000 -0.000 0.000 0.020 3.188 11.099
29.652 5.000 0.000 0.000 0.000 0.020 3.288 11.099
29.752 5.000 -0.000 -0.000 0.000 0.020 3.388 11.099
29.852 5.000 0.000 0.000 0.000 0.020 3.488 11.099
29.952 5.000 0.000 0.000 0.000 0.020 3.588 11.099
30.052 5.000 0.000 -0.000 0.000 0.020 3.688 11.099
30.152 5.000 0.000 -0.000 0.000 0.020 3.788 11.099
30.252 5.000 -0.000 -0.000 0.000 0.020 3.888 11.099
30.352 5.000 -0.000 0.000 0.000 0.020 3.988 11.099
30.452 5.000 0.000 0.000 0.000 0.020 4.088 11.099
30.552 5.000 -0.000 -0.000 0.000 0.020 4.188 11.099
30.652 5.000 -0.000 0.000 0.000 0.020 4.288 11.099
30.752 5.000 0.000 0.000 0.000 0.020 4.388 11.099
30.852 5.000 0.000 0.000 0.000 0.020 4.488 11.099
30.952 5.000 -0.000 -0.000 0.000 0.020 4.588 11.099
31.052 5.000 -0.000 0.000 0.000 0.020 4.688 11.099
31.152 5.000 0.000 0.000 0.000 0.020 4.788 11.099
31.252 5.000 0.000 -0.000 0.000 0.020 4.888 11.099
31.352 5.000 0.000 0.000 0.000 0.020 4.988 11.099
31.452 5.000 -0.000 -0.000 0.000 0.020 5.088 11.099
31.552 5.000 -0.000 0.000 0.000 0.020 5.188 11.099
31.652 5.000 0.000 0.000 0.000 0.020 5.288 11.099
31.752 5.000 0.000 0.000 0.000 0.020 5.388 11.099
31.852 5.000 -0.000 -0.000 0.000 0.020 5.488 11.099
31.952 5.000 0.000 0.000 0.000 0.020 5.588 11.099
32.052 5.000 0.000 0.000 0.000 0.020 5.688 11.099
32.152 5.000 -0.000 -0.000 0.000 0.020 5.788 11.099
32.252 5.000 0.000 0.000 0.000 0.020 5.888 11.099
32.352 5.000 0.000 0.000 0.000 0.020 5.988 11.099
32.452 5.000 0.000 0.000 0.000 0.020 6.088 11.099
32.552 5.000 0.000 0.000 0.000 0.020 6.188 11.099
32.652 5.000 -0.000 -0.000 0.000 0.020 6.288 11.099
32.752 5.000 0.000 0.000 0.000 0.020 6.388 11.099
32.852 5.000 0.000 0.000 0.000 0.020 6.488 11.099
32.952 5.000 -0.000 -0.000 0.000 0.020 6.588 11.099
33.052 5.000 0.000 0.000 0.000 0.020 6.688 11.099
33.152 5.000 -0.000 -0.000 0.000 0.020 6.788 11.099
33.252 5.000 0.000 0.000 0.000 0.020 6.888 11.099
33.352 5.000 0.000 0.000 0.000 0.020 6.988 11.099
33.452 5.000 0.000 0.000 0.000 0.020 7.088 11.099
33.552 5.000 0.000 0.000 0.000 0.020 7.188 11.099
33.652 5.000 -0.000 -0.000 0.000 0.020 7.288 11.099
33.752 4.991 -0.442 -22.098 0.000 0.020 7.388 11.099
33.851 4.963 -1.384 -47.098 0.000 0.020 7.487 11.099
33.949 4.916 -2.384 -50.000 0.000 0.020 7.586 11.099
34.046 4.848 -3.384 -50.000 0.000 0.020 7.683 11.099
34.141 4.760 -4.384 -50.000 0.000 0.020 7.778 11.099
34.235 4.662 -4.942 -27.902 0.000 0.020 7.871 11.099
34.326 4.562 -5.000 -2.902 0.000 0.020 7.962 11.099
34.415 4.462 -5.000 0.000 0.000 0.020 8.052 11.099
34.502 4.362 -5.000 0.000 0.000 0.020 8.139 11.099
34.587 4.262 -5.000 -0.000 0.000 0.020 8.224 11.099
34.671 4.162 -5.000 0.000 0.000 0.020 8.307 11.099
34.752 4.062 -5.000 0.000 0.000 0.020 8.389 11.099
34.831 3.962 -5.000 0.000 0.000 0.020 8.468 11.099
34.908 3.862 -5.000 -0.000 0.000 0.020 8.545 11.099
34.984 3.762 -5.000 0.000 0.000 0.020 8.620 11.099
35.057 3.662 -5.000 0.000 0.000 0.020 8.694 11.099
35.128 3.562 -5.000 -0.000 0.000 0.020 8.765 11.099
35.197 3.462 -5.000 0.000 0.000 0.020 8.834 11.099
35.265 3.362 -5.000 0.000 0.000 0.020 8.901 11.099
35.330 3.262 -5.000 -0.000 0.000 0.020 8.966 11.099
35.393 3.162 -5.000 0.000 0.000 0.020 9.030 11.099
35.454 3.062 -5.000 0.000 0.000 0.020 9.091 11.099
35.513 2.962 -5.000 -0.000 0.000 0.020 9.150 11.099
35.571 2.862 -5.000 0.000 0.000 0.020 9.207 11.099
35.626 2.762 -5.000 -0.000 0.000 0.020 9.263 11.099
35.679 2.662 -5.000 0.000 0.000 0.020 9.316 11.099
35.730 2.562 -5.000 0.000 0.000 0.020 9.367 11.099
35.780 2.462 -5.000 -0.000 0.000 0.020 9.416 11.099
35.827 2.362 -5.000 0.000 0.000 0.020 9.464 11.099
35.872 2.262 -5.000 0.000 0.000 0.020 9.509 11.099
35.915 2.162 -5.000 -0.000 0.000 0.020 9.552 11.099
35.957 2.062 -5.000 0.000 0.000 0.020 9.593 11.099
35.996 1.962 -5.000 -0.000 0.000 0.020 9.632 11.099
36.033 1.862 -5.000 -0.000 0.000 0.020 9.670 11.099
36.068 1.762 -5.000 -0.000 0.000 0.020 9.705 11.099
36.102 1.662 -5.000 0.000 0.000 0.020 9.738 11.099
36.133 1.562 -5.000 -0.000 0.000 0.020 9.769 11.099
36.162 1.462 -5.000 0.000 0.000 0.020 9.799 11.099
36.189 1.362 -5.000 0.000 0.000 0.020 9.826 11.099
36.214 1.262 -5.000 -0.000 0.000 0.020 9.851 11.099
36.238 1.162 -5.000 -0.000 0.000 0.020 9.874 11.099
36.259 1.062 -5.000 0.000 0.000 0.020 9.896 11.099
36.278 0.962 -5.000 -0.000 0.000 0.020 9.915 11.099
36.295 0.862 -5.000 0.000 0.000 0.020 9.932 11.099
36.311 0.762 -5.000 0.000 0.000 0.020 9.947 11.099
36.324 0.662 -5.000 -0.000 0.000 0.020 9.960 11.099
36.335 0.562 -5.000 -0.000 0.000 0.020 9.972 11.099
36.344 0.462 -5.000 0.000 0.000 0.020 9.981 11.099
36.352 0.362 -5.000 -0.000 0.000 0.020 9.988 11.099
36.357 0.262 -5.000 0.000 0.000 0.020 9.993 11.099
36.360 0.170 -4.558 22.098 0.000 0.020 9.997 11.099
36.362 0.098 -3.616 47.098 0.000 0.020 9.999 11.099
36.363 0.046 -2.616 50.000 0.000 0.020 10.000 11.099
36.363 0.013 -1.616 50.000 0.000 0.020 10.000 11.099
36.363 0.001 -0.616 50.000 0.000 0.020 10.000 11.099
36.363 0.000 -0.058 27.902 0.000 0.020 10.000 11.099
0.000 0.020 1.000 50.000 3.142 0.020 -0.000 1.099
0.001 0.040 1.000 0.001 3.142 0.020 -0.001 1.099
0.003 0.090 2.500 75.004 3.142 0.020 -0.003 1.099
0.006 0.160 3.500 50.011 3.142 0.020 -0.006 1.099
0.011 0.250 4.501 50.026 3.142 0.020 -0.011 1.099
0.018 0.350 5.002 25.044 3.142 0.020 -0.018 1.099
0.027 0.450 5.003 0.060 3.142 0.020 -0.027 1.099
0.038 0.550 5.004 0.076 3.142 0.020 -0.038 1.099
0.051 0.650 5.006 0.091 3.142 0.020 -0.051 1.099
0.066 0.750 5.008 0.105 3.142 0.020 -0.066 1.099
0.083 0.851 5.011 0.118 3.142 0.020 -0.083 1.099
0.102 0.951 5.013 0.130 3.142 0.020 -0.102 1.099
0.123 1.051 5.016 0.140 3.142 0.020 -0.123 1.099
0.146 1.152 5.019 0.149 3.142 0.020 -0.146 1.099
0.171 1.252 5.022 0.156 3.142 0.020 -0.171 1.099
0.198 1.353 5.025 0.161 3.142 0.020 -0.198 1.099
0.227 1.453 5.029 0.164 3.142 0.020 -0.227 1.099
0.258 1.554 5.032 0.164 3.142 0.020 -0.258 1.099
0.291 1.655 5.035 0.162 3.142 0.020 -0.291 1.099
0.327 1.755 5.038 0.158 3.142 0.020 -0.327 1.099
0.364 1.856 5.041 0.150 3.142 0.020 -0.364 1.099
0.403 1.957 5.044 0.140 3.142 0.020 -0.403 1.099
0.444 2.058 5.047 0.128 3.142 0.020 -0.444 1.099
0.487 2.159 5.049 0.112 3.143 0.020 -0.487 1.099
0.532 2.260 5.051 0.093 3.143 0.020 -0.532 1.099
0.580 2.361 5.052 0.071 3.143 0.020 -0.580 1.099
0.629 2.462 5.053 0.046 3.143 0.020 -0.629 1.099
0.680 2.563 5.054 0.017 3.143 0.020 -0.680 1.098
0.733 2.664 5.053 -0.014 3.144 0.020 -0.733 1.098
0.789 2.765 5.052 -0.049 3.144 0.020 -0.789 1.098
0.846 2.866 5.051 -0.086 3.144 0.020 -0.846 1.098
0.905 2.967 5.048 -0.127 3.145 0.020 -0.905 1.098
0.967 3.068 5.045 -0.171 3.145 0.020 -0.967 1.098
1.030 3.169 5.040 -0.218 3.145 0.020 -1.030 1.098
1.095 3.270 5.035 -0.267 3.146 0.020 -1.095 1.097
1.163 3.370 5.029 -0.320 3.146 0.020 -1.163 1.097
1.232 3.471 5.021 -0.375 3.146 0.020 -1.232 1.097
1.304 3.571 5.012 -0.433 3.147 0.020 -1.304 1.096
1.377 3.671 5.002 -0.493 3.147 0.020 -1.377 1.096
1.453 3.771 4.991 -0.556 3.148 0.020 -1.453 1.095
1.530 3.870 4.979 -0.621 3.148 0.020 -1.530 1.095
1.609 3.970 4.965 -0.690 3.148 0.020 -1.609 1.094
1.691 4.069 4.950 -0.760 3.149 0.020 -1.691 1.094
1.774 4.167 4.933 -0.834 3.149 0.020 -1.774 1.093
1.859 4.266 4.915 -0.910 3.149 0.020 -1.859 1.093
1.947 4.363 4.895 -0.989 3.149 0.020 -1.947 1.092
2.036 4.461 4.874 -1.072 3.150 0.020 -2.036 1.091
2.127 4.558 4.851 -1.158 3.150 0.020 -2.127 1.091
2.220 4.654 4.826 -1.249 3.150 0.020 -2.220 1.090
2.315 4.750 4.799 -1.345 3.150 0.020 -2.315 1.089
2.412 4.836 4.271 -26.413 3.150 0.020 -2.412 1.088
2.510 4.901 3.244 -51.352 3.150 0.020 -2.510 1.087
2.609 4.945 2.219 -51.222 3.149 0.020 -2.609 1.087
2.708 4.969 1.198 -51.057 3.149 0.020 -2.708 1.086
2.808 4.973 0.181 -50.858 3.148 0.020 -2.808 1.085
2.907 4.966 -0.335 -25.813 3.148 0.020 -2.907 1.085
3.006 4.959 -0.354 -0.917 3.147 0.020 -3.006 1.084
3.105 4.951 -0.373 -0.937 3.146 0.020 -3.105 1.083
3.204 4.944 -0.392 -0.962 3.145 0.020 -3.204 1.083
3.303 4.935 -0.412 -0.992 3.144 0.020 -3.303 1.083
3.401 4.927 -0.432 -1.028 3.143 0.020 -3.401 1.083
3.500 4.918 -0.454 -1.070 3.141 0.020 -3.500 1.082
3.598 4.908 -0.476 -1.119 3.140 0.020 -3.598 1.083
3.696 4.898 -0.499 -1.175 3.138 0.020 -3.696 1.083
3.793 4.888 -0.524 -1.239 3.136 0.020 -3.793 1.083
3.891 4.877 -0.550 -1.311 3.133 0.020 -3.891 1.084
3.988 4.865 -0.578 -1.392 3.131 0.020 -3.988 1.085
4.085 4.853 -0.608 -1.482 3.128 0.020 -4.085 1.086
4.182 4.840 -0.640 -1.584 3.125 0.020 -4.182 1.088
4.279 4.827 -0.674 -1.697 3.122 0.020 -4.279 1.089
4.375 4.812 -0.710 -1.824 3.119 0.020 -4.375 1.091
4.471 4.798 -0.749 -1.965 3.115 0.020 -4.471 1.094
4.567 4.782 -0.792 -2.123 3.111 0.020 -4.566 1.096
4.662 4.765 -0.838 -2.298 3.107 0.020 -4.662 1.099
4.757 4.747 -0.888 -2.494 3.102 0.020 -4.756 1.103
4.851 4.728 -0.942 -2.712 3.097 0.020 -4.851 1.107
4.946 4.708 -1.001 -2.955 3.092 0.020 -4.945 1.111
5.039 4.687 -1.066 -3.227 3.086 0.020 -5.039 1.116
5.133 4.664 -1.136 -3.532 3.080 0.020 -5.132 1.122
5.225 4.640 -1.214 -3.872 3.074 0.020 -5.224 1.128
5.318 4.614 -1.299 -4.254 3.067 0.020 -5.316 1.134
5.409 4.586 -1.392 -4.682 3.059 0.020 -5.408 1.142
5.500 4.556 -1.496 -5.163 3.051 0.020 -5.499 1.149
5.591 4.524 -1.610 -5.704 3.042 0.020 -5.589 1.158
5.681 4.489 -1.736 -6.312 3.033 0.020 -5.678 1.167
5.770 4.452 -1.876 -6.998 3.023 0.020 -5.766 1.177
5.858 4.411 -2.031 -7.769 3.012 0.020 -5.854 1.188
5.945 4.367 -2.204 -8.639 3.001 0.020 -5.941 1.200
6.032 4.319 -2.396 -9.619 2.988 0.020 -6.026 1.213
6.117 4.267 -2.611 -10.721 2.975 0.020 -6.110 1.226
6.201 4.210 -2.850 -11.959 2.961 0.020 -6.193 1.241
6.284 4.148 -3.117 -13.346 2.945 0.020 -6.275 1.256
6.366 4.079 -3.415 -14.891 2.928 0.020 -6.355 1.273
6.446 4.004 -3.747 -16.604 2.910 0.020 -6.433 1.290
6.524 3.922 -4.117 -18.483 2.891 0.020 -6.509 1.309
6.601 3.832 -4.527 -20.517 2.869 0.020 -6.583 1.329
6.676 3.732 -4.980 -22.676 2.846 0.020 -6.655 1.350
6.748 3.622 -5.478 -24.902 2.821 0.020 -6.724 1.372
6.818 3.502 -6.020 -27.095 2.794 0.020 -6.790 1.395
6.885 3.370 -6.602 -29.092 2.764 0.020 -6.853 1.419
6.950 3.226 -7.215 -30.651 2.732 0.020 -6.912 1.443
7.011 3.069 -7.844 -31.419 2.697 0.020 -6.968 1.469
7.069 2.899 -8.462 -30.907 2.659 0.020 -7.020 1.495
7.124 2.719 -9.031 -28.483 2.617 0.020 -7.068 1.521
7.174 2.529 -9.499 -23.380 2.572 0.020 -7.111 1.547
7.221 2.333 -9.794 -14.771 2.524 0.020 -7.150 1.573
7.264 2.136 -9.833 -1.924 2.472 0.020 -7.184 1.599
7.303 1.946 -9.522 15.537 2.416 0.020 -7.214 1.624
7.338 1.770 -8.777 37.275 2.357 0.020 -7.240 1.648
7.370 1.620 -7.539 61.896 2.296 0.020 -7.262 1.672
7.400 1.504 -5.803 86.791 2.232 0.020 -7.281 1.695
7.429 1.431 -3.635 108.388 2.167 0.020 -7.298 1.718
7.457 1.407 -1.177 122.922 2.102 0.020 -7.313 1.742
7.486 1.435 1.374 127.540 2.037 0.020 -7.327 1.767
7.516 1.511 3.800 121.292 1.973 0.020 -7.339 1.794
7.549 1.629 5.910 105.481 1.912 0.020 -7.351 1.825
7.584 1.780 7.573 83.179 1.853 0.020 -7.362 1.859
7.623 1.955 8.737 58.187 1.798 0.020 -7.372 1.896
7.666 2.143 9.416 33.952 1.746 0.020 -7.380 1.938
7.713 2.337 9.674 12.888 1.698 0.020 -7.387 1.985
7.764 2.529 9.598 -3.804 1.653 0.020 -7.393 2.035
7.818 2.715 9.279 -15.924 1.611 0.020 -7.396 2.089
7.876 2.891 8.801 -23.925 1.573 0.020 -7.397 2.147
7.937 3.055 8.229 -28.565 1.537 0.020 -7.396 2.208
8.001 3.207 7.616 -30.664 1.505 0.020 -7.393 2.272
8.068 3.347 6.997 -30.967 1.475 0.020 -7.387 2.339
8.137 3.475 6.395 -30.081 1.447 0.020 -7.380 2.408
8.209 3.592 5.826 -28.468 1.421 0.020 -7.370 2.479
8.283 3.698 5.297 -26.460 1.398 0.020 -7.358 2.552
8.359 3.794 4.811 -24.286 1.376 0.020 -7.344 2.627
8.437 3.881 4.369 -22.095 1.355 0.020 -7.328 2.703
8.516 3.961 3.969 -19.978 1.336 0.020 -7.311 2.780
8.597 4.033 3.610 -17.991 1.319 0.020 -7.291 2.858
8.679 4.099 3.286 -16.159 1.302 0.020 -7.270 2.937
8.762 4.159 2.997 -14.491 1.287 0.020 -7.247 3.017
8.846 4.213 2.737 -12.986 1.273 0.020 -7.223 3.098
8.931 4.263 2.504 -11.637 1.259 0.020 -7.198 3.179
9.017 4.309 2.295 -10.433 1.247 0.020 -7.171 3.261
9.104 4.351 2.108 -9.360 1.235 0.020 -7.143 3.344
9.192 4.390 1.940 -8.406 1.224 0.020 -7.113 3.426
9.281 4.426 1.789 -7.558 1.213 0.020 -7.083 3.509
9.370 4.459 1.653 -6.806 1.204 0.020 -7.051 3.593
9.460 4.490 1.530 -6.137 1.194 0.020 -7.018 3.676
9.550 4.518 1.419 -5.542 1.185 0.020 -6.985 3.760
9.641 4.544 1.319 -5.012 1.177 0.020 -6.950 3.844
9.732 4.569 1.228 -4.540 1.169 0.020 -6.915 3.929
9.824 4.592 1.146 -4.118 1.162 0.020 -6.879 4.013
9.917 4.613 1.071 -3.742 1.155 0.020 -6.842 4.098
10.009 4.633 1.003 -3.404 1.148 0.020 -6.804 4.182
10.102 4.652 0.941 -3.102 1.142 0.020 -6.765 4.267
10.196 4.670 0.884 -2.830 1.136 0.020 -6.726 4.352
10.289 4.687 0.833 -2.585 1.130 0.020 -6.687 4.437
10.383 4.702 0.785 -2.364 1.125 0.020 -6.646 4.522
10.478 4.717 0.742 -2.164 1.120 0.020 -6.605 4.607
10.572 4.731 0.702 -1.983 1.115 0.020 -6.564 4.692
10.667 4.744 0.666 -1.819 1.110 0.020 -6.522 4.777
10.762 4.757 0.633 -1.669 1.106 0.020 -6.479 4.862
10.858 4.769 0.602 -1.533 1.101 0.020 -6.436 4.947
10.953 4.781 0.574 -1.409 1.097 0.020 -6.393 5.032
11.049 4.792 0.548 -1.295 1.094 0.020 -6.349 5.117
11.145 4.802 0.524 -1.190 1.090 0.020 -6.305 5.203
11.242 4.812 0.502 -1.094 1.087 0.020 -6.260 5.288
11.338 4.822 0.482 -1.005 1.083 0.020 -6.215 5.373
11.435 4.831 0.464 -0.923 1.080 0.020 -6.170 5.459
11.531 4.840 0.447 -0.847 1.077 0.020 -6.124 5.544
11.628 4.849 0.431 -0.776 1.075 0.020 -6.078 5.629
11.725 4.857 0.417 -0.710 1.072 0.020 -6.032 5.715
11.823 4.865 0.404 -0.648 1.070 0.020 -5.985 5.800
11.920 4.873 0.392 -0.590 1.067 0.020 -5.938 5.885
12.018 4.880 0.381 -0.535 1.065 0.020 -5.891 5.971
12.116 4.888 0.372 -0.483 1.063 0.020 -5.844 6.056
12.214 4.895 0.363 -0.433 1.061 0.020 -5.796 6.142
12.312 4.902 0.355 -0.386 1.059 0.020 -5.748 6.227
12.410 4.909 0.349 -0.341 1.058 0.020 -5.700 6.313
12.508 4.916 0.343 -0.297 1.056 0.020 -5.651 6.398
12.607 4.923 0.338 -0.254 1.055 0.020 -5.603 6.484
12.705 4.930 0.333 -0.213 1.053 0.020 -5.554 6.570
12.804 4.936 0.330 -0.172 1.052 0.020 -5.505 6.656
12.903 4.943 0.327 -0.132 1.051 0.020 -5.456 6.741
13.002 4.949 0.325 -0.092 1.050 0.020 -5.407 6.827
13.101 4.956 0.324 -0.052 1.050 0.020 -5.358 6.913
13.200 4.962 0.324 -0.011 1.049 0.020 -5.308 6.999
13.299 4.969 0.325 0.030 1.048 0.020 -5.259 7.086
13.399 4.975 0.326 0.071 1.048 0.020 -5.209 7.172
13.499 4.982 0.328 0.114 1.048 0.020 -5.159 7.258
13.598 4.988 0.332 0.159 1.047 0.020 -5.109 7.344
13.698 4.995 0.336 0.205 1.047 0.020 -5.060 7.431
13.798 4.984 -0.543 -43.943 1.047 0.020 -5.010 7.517
13.896 4.928 -2.820 -113.853 1.046 0.020 -4.960 7.603
13.994 4.859 -3.425 -30.248 1.043 0.020 -4.912 7.687
14.089 4.781 -3.935 -25.510 1.039 0.020 -4.863 7.769
14.183 4.692 -4.430 -24.743 1.033 0.020 -4.815 7.850
14.275 4.594 -4.919 -24.418 1.026 0.020 -4.768 7.929
14.365 4.485 -5.408 -24.480 1.017 0.020 -4.721 8.005
14.452 4.367 -5.905 -24.845 1.005 0.020 -4.675 8.079
14.537 4.239 -6.413 -25.395 0.991 0.020 -4.629 8.150
14.619 4.100 -6.932 -25.960 0.975 0.020 -4.584 8.219
14.698 3.951 -7.458 -26.310 0.956 0.020 -4.539 8.284
14.774 3.792 -7.981 -26.131 0.934 0.020 -4.494 8.345
14.846 3.622 -8.481 -25.014 0.909 0.020 -4.450 8.403
14.915 3.443 -8.930 -22.445 0.880 0.020 -4.407 8.457
14.980 3.258 -9.286 -17.816 0.849 0.020 -4.365 8.506
15.041 3.068 -9.496 -10.479 0.814 0.020 -4.324 8.552
15.099 2.878 -9.493 0.154 0.775 0.020 -4.283 8.593
15.153 2.694 -9.204 14.423 0.733 0.020 -4.244 8.630
15.203 2.523 -8.561 32.189 0.688 0.020 -4.206 8.663
15.251 2.372 -7.509 52.574 0.640 0.020 -4.169 8.692
15.296 2.252 -6.033 73.819 0.590 0.020 -4.132 8.718
15.339 2.168 -4.165 93.377 0.539 0.020 -4.095 8.741
15.382 2.129 -1.998 108.354 0.486 0.020 -4.058 8.762
15.424 2.135 0.326 116.233 0.434 0.020 -4.020 8.781
15.468 2.188 2.639 115.650 0.383 0.020 -3.980 8.798
15.514 2.283 4.776 106.850 0.334 0.020 -3.937 8.814
15.562 2.416 6.609 91.612 0.287 0.020 -3.891 8.829
15.614 2.577 8.062 72.669 0.242 0.020 -3.841 8.842
15.669 2.759 9.120 52.918 0.202 0.020 -3.787 8.854
15.728 2.955 9.816 34.767 0.164 0.020 -3.729 8.865
15.791 3.160 10.212 19.792 0.131 0.020 -3.667 8.874
15.859 3.367 10.386 8.734 0.101 0.020 -3.600 8.882
15.930 3.576 10.420 1.693 0.075 0.020 -3.529 8.889
16.006 3.784 10.388 -1.608 0.053 0.020 -3.453 8.893
16.086 3.991 10.356 -1.587 0.035 0.020 -3.373 8.897
16.170 4.198 10.384 1.376 0.020 0.020 -3.289 8.899
16.258 4.409 10.525 7.048 0.010 0.020 -3.201 8.900
16.350 4.626 10.833 15.422 0.003 0.020 -3.109 8.901
16.447 4.853 11.369 26.774 0.000 0.020 -3.012 8.901
16.547 4.998 7.271 -204.902 0.000 0.020 -2.912 8.901
16.647 5.000 0.083 -359.402 0.000 0.020 -2.812 8.901
16.747 5.000 0.000 -4.127 0.000 0.020 -2.712 8.901
16.847 5.000 -0.000 -0.000 0.000 0.020 -2.612 8.901
16.947 5.000 -0.000 -0.000 0.000 0.020 -2.512 8.901
17.047 5.000 -0.000 0.000 0.000 0.020 -2.412 8.901
17.147 5.000 0.000 0.000 0.000 0.020 -2.312 8.901
17.247 5.000 -0.000 -0.000 0.000 0.020 -2.212 8.901
17.347 5.000 0.000 0.000 0.000 0.020 -2.112 8.901
17.447 5.000 0.000 -0.000 0.000 0.020 -2.012 8.901
17.547 5.000 -0.000 -0.000 0.000 0.020 -1.912 8.901
17.647 5.000 0.000 0.000 0.000 0.020 -1.812 8.901
17.747 5.000 -0.000 -0.000 0.000 0.020 -1.712 8.901
17.847 5.000 0.000 0.000 0.000 0.020 -1.612 8.901
17.947 5.000 0.000 -0.000 0.000 0.020 -1.512 8.901
18.047 5.000 -0.000 -0.000 0.000 0.020 -1.412 8.901
18.147 5.000 -0.000 -0.000 0.000 0.020 -1.312 8.901
18.247 5.000 -0.000 0.000 0.000 0.020 -1.212 8.901
18.347 5.000 0.000 0.000 0.000 0.020 -1.112 8.901
18.447 5.000 0.000 0.000 0.000 0.020 -1.012 8.901
18.547 5.000 -0.000 -0.000 0.000 0.020 -0.912 8.901
18.647 5.000 0.000 0.000 0.000 0.020 -0.812 8.901
18.747 5.000 -0.000 -0.000 0.000 0.020 -0.712 8.901
18.847 5.000 0.000 0.000 0.000 0.020 -0.612 8.901
18.947 5.000 0.000 -0.000 0.000 0.020 -0.512 8.901
19.047 5.000 0.000 0.000 0.000 0.020 -0.412 8.901
19.147 5.000 0.000 0.000 0.000 0.020 -0.312 8.901
19.247 5.000 -0.000 -0.000 0.000 0.020 -0.212 8.901
19.347 5.000 0.000 0.000 0.000 0.020 -0.112 8.901
19.447 5.000 0.000 -0.000 0.000 0.020 -0.012 8.901
19.547 5.000 0.000 0.000 0.000 0.020 0.088 8.901
19.647 5.000 -0.000 -0.000 0.000 0.020 0.188 8.901
19.747 5.000 0.000 0.000 0.000 0.020 0.288 8.901
19.847 5.000 -0.000 -0.000 0.000 0.020 0.388 8.901
19.947 5.000 0.000 0.000 0.000 0.020 0.488 8.901
20.047 5.000 -0.000 -0.000 0.000 0.020 0.588 8.901
20.147 5.000 0.000 0.000 0.000 0.020 0.688 8.901
20.247 5.000 0.000 0.000 0.000 0.020 0.788 8.901
20.347 5.000 -0.000 -0.000 0.000 0.020 0.888 8.901
20.447 5.000 0.000 0.000 0.000 0.020 0.988 8.901
20.547 5.000 -0.000 -0.000 0.000 0.020 1.088 8.901
20.647 5.000 0.000 0.000 0.000 0.020 1.188 8.901
20.747 5.000 0.000 0.000 0.000 0.020 1.288 8.901
20.847 5.000 0.000 0.000 0.000 0.020 1.388 8.901
20.947 5.000 -0.000 -0.000 0.000 0.020 1.488 8.901
21.047 5.000 0.000 0.000 0.000 0.020 1.588 8.901
21.147 5.000 -0.000 -0.000 0.000 0.020 1.688 8.901
21.247 5.000 0.000 0.000 0.000 0.020 1.788 8.901
21.347 5.000 -0.000 -0.000 0.000 0.020 1.888 8.901
21.447 5.000 0.000 0.000 0.000 0.020 1.988 8.901
21.547 5.000 -0.000 -0.000 0.000 0.020 2.088 8.901
21.647 5.000 0.000 0.000 0.000 0.020 2.188 8.901
21.747 5.000 -0.000 -0.000 0.000 0.020 2.288 8.901
21.847 5.000 0.000 0.000 0.000 0.020 2.388 8.901
21.947 5.000 0.000 0.000 0.000 0.020 2.488 8.901
22.047 5.000 -0.000 -0.000 0.000 0.020 2.588 8.901
22.147 5.000 0.000 0.000 0.000 0.020 2.688 8.901
22.247 5.000 -0.000 -0.000 0.000 0.020 2.788 8.901
22.347 5.000 0.000 0.000 0.000 0.020 2.888 8.901
22.447 5.000 -0.000 -0.000 0.000 0.020 2.988 8.901
22.547 5.000 0.000 0.000 0.000 0.020 3.088 8.901
22.647 5.000 -0.000 -0.000 0.000 0.020 3.188 8.901
22.747 5.000 0.000 0.000 0.000 0.020 3.288 8.901
22.847 5.000 -0.000 -0.000 0.000 0.020 3.388 8.901
22.947 5.000 0.000 0.000 0.000 0.020 3.488 8.901
23.047 5.000 0.000 0.000 0.000 0.020 3.588 8.901
23.147 5.000 0.000 -0.000 0.000 0.020 3.688 8.901
23.247 5.000 0.000 -0.000 0.000 0.020 3.788 8.901
23.347 5.000 -0.000 -0.000 0.000 0.020 3.888 8.901
23.447 5.000 -0.000 0.000 0.000 0.020 3.988 8.901
23.547 5.000 0.000 0.000 0.000 0.020 4.088 8.901
23.647 5.000 -0.000 -0.000 0.000 0.020 4.188 8.901
23.747 5.000 -0.000 0.000 0.000 0.020 4.288 8.901
23.847 5.000 0.000 0.000 0.000 0.020 4.388 8.901
23.947 5.000 0.000 0.000 0.000 0.020 4.488 8.901
24.047 5.000 -0.000 -0.000 0.000 0.020 4.588 8.901
24.147 5.000 -0.000 0.000 0.000 0.020 4.688 8.901
24.247 5.000 0.000 0.000 0.000 0.020 4.788 8.901
24.347 5.000 0.000 -0.000 0.000 0.020 4.888 8.901
24.447 5.000 0.000 0.000 0.000 0.020 4.988 8.901
24.547 5.000 -0.000 -0.000 0.000 0.020 5.088 8.901
24.647 5.000 -0.000 0.000 0.000 0.020 5.188 8.901
24.747 5.000 0.000 0.000 0.000 0.020 5.288 8.901
24.847 5.000 0.000 0.000 0.000 0.020 5.388 8.901
24.947 5.000 -0.000 -0.000 0.000 0.020 5.488 8.901
25.047 5.000 0.000 0.000 0.000 0.020 5.588 8.901
25.147 5.000 0.000 0.000 0.000 0.020 5.688 8.901
25.247 5.000 -0.000 -0.000 0.000 0.020 5.788 8.901
25.347 5.000 0.000 0.000 0.000 0.020 5.888 8.901
25.447 5.000 0.000 0.000 0.000 0.020 5.988 8.901
25.547 5.000 0.000 0.000 0.000 0.020 6.088 8.901
25.647 5.000 0.000 0.000 0.000 0.020 6.188 8.901
25.747 5.000 -0.000 -0.000 0.000 0.020 6.288 8.901
25.847 5.000 0.000 0.000 0.000 0.020 6.388 8.901
25.947 5.000 0.000 0.000 0.000 0.020 6.488 8.901
26.047 5.000 -0.000 -0.000 0.000 0.020 6.588 8.901
26.147 5.000 0.000 0.000 0.000 0.020 6.688 8.901
26.247 5.000 -0.000 -0.000 0.000 0.020 6.788 8.901
26.347 5.000 0.000 0.000 0.000 0.020 6.888 8.901
26.447 5.000 0.000 0.000 0.000 0.020 6.988 8.901
26.547 5.000 0.000 0.000 0.000 0.020 7.088 8.901
26.647 5.000 0.000 0.000 0.000 0.020 7.188 8.901
26.747 5.000 -0.000 -0.000 0.000 0.020 7.288 8.901
26.847 4.991 -0.442 -22.098 0.000 0.020 7.388 8.901
26.946 4.963 -1.384 -47.098 0.000 0.020 7.487 8.901
27.045 4.916 -2.384 -50.000 0.000 0.020 7.586 8.901
27.142 4.848 -3.384 -50.000 0.000 0.020 7.683 8.901
27.237 4.760 -4.384 -50.000 0.000 0.020 7.778 8.901
27.330 4.662 -4.942 -27.902 0.000 0.020 7.871 8.901
27.421 4.562 -5.000 -2.902 0.000 0.020 7.962 8.901
27.511 4.462 -5.000 0.000 0.000 0.020 8.052 8.901
27.598 4.362 -5.000 0.000 0.000 0.020 8.139 8.901
27.683 4.262 -5.000 -0.000 0.000 0.020 8.224 8.901
27.766 4.162 -5.000 0.000 0.000 0.020 8.307 8.901
27.847 4.062 -5.000 0.000 0.000 0.020 8.389 8.901
27.927 3.962 -5.000 0.000 0.000 0.020 8.468 8.901
28.004 3.862 -5.000 -0.000 0.000 0.020 8.545 8.901
28.079 3.762 -5.000 0.000 0.000 0.020 8.620 8.901
28.152 3.662 -5.000 0.000 0.000 0.020 8.694 8.901
28.224 3.562 -5.000 -0.000 0.000 0.020 8.765 8.901
28.293 3.462 -5.000 0.000 0.000 0.020 8.834 8.901
28.360 3.362 -5.000 0.000 0.000 0.020 8.901 8.901
28.425 3.262 -5.000 -0.000 0.000 0.020 8.966 8.901
28.489 3.162 -5.000 0.000 0.000 0.020 9.030 8.901
28.550 3.062 -5.000 0.000 0.000 0.020 9.091 8.901
28.609 2.962 -5.000 -0.000 0.000 0.020 9.150 8.901
28.666 2.862 -5.000 0.000 0.000 0.020 9.207 8.901
28.722 2.762 -5.000 -0.000 0.000 0.020 9.263 8.901
28.775 2.662 -5.000 0.000 0.000 0.020 9.316 8.901
28.826 2.562 -5.000 0.000 0.000 0.020 9.367 8.901
28.875 2.462 -5.000 -0.000 0.000 0.020 9.416 8.901
28.922 2.362 -5.000 0.000 0.000 0.020 9.464 8.901
28.968 2.262 -5.000 0.000 0.000 0.020 9.509 8.901
29.011 2.162 -5.000 -0.000 0.000 0.020 9.552 8.901
29.052 2.062 -5.000 0.000 0.000 0.020 9.593 8.901
29.091 1.962 -5.000 -0.000 0.000 0.020 9.632 8.901
29.129 1.862 -5.000 -0.000 0.000 0.020 9.670 8.901
29.164 1.762 -5.000 -0.000 0.000 0.020 9.705 8.901
29.197 1.662 -5.000 0.000 0.000 0.020 9.738 8.901
29.228 1.562 -5.000 -0.000 0.000 0.020 9.769 8.901
29.258 1.462 -5.000 0.000 0.000 0.020 9.799 8.901
29.285 1.362 -5.000 0.000 0.000 0.020 9.826 8.901
29.310 1.262 -5.000 -0.000 0.000 0.020 9.851 8.901
29.333 1.162 -5.000 -0.000 0.000 0.020 9.874 8.901
29.354 1.062 -5.000 0.000 0.000 0.020 9.896 8.901
29.374 0.962 -5.000 -0.000 0.000 0.020 9.915 8.901
29.391 0.862 -5.000 0.000 0.000 0.020 9.932 8.901
29.406 0.762 -5.000 0.000 0.000 0.020 9.947 8.901
29.419 0.662 -5.000 -0.000 0.000 0.020 9.960 8.901
29.431 0.562 -5.000 -0.000 0.000 0.020 9.972 8.901
29.440 0.462 -5.000 0.000 0.000 0.020 9.981 8.901
29.447 0.362 -5.000 -0.000 0.000 0.020 9.988 8.901
29.452 0.262 -5.000 0.000 0.000 0.020 9.993 8.901
29.456 0.170 -4.558 22.098 0.000 0.020 9.997 8.901
29.458 0.098 -3.616 47.098 0.000 0.020 9.999 8.901
29.459 0.046 -2.616 50.000 0.000 0.020 10.000 8.901
29.459 0.013 -1.616 50.000 0.000 0.020 10.000 8.901
29.459 0.001 -0.616 50.000 0.000 0.020 10.000 8.901
29.459 0.000 -0.058 27.902 0.000 0.020 10.000 8.901
