LeftSideDriveToNeutral
913
0.000 0.001 0.250 50.000 1.047 0.005 -0.952 0.549
0.000 0.003 0.250 0.000 1.047 0.005 -0.952 0.549
0.000 0.006 0.625 75.001 1.047 0.005 -0.952 0.550
0.000 0.010 0.875 50.002 1.047 0.005 -0.952 0.550
0.000 0.016 1.125 50.004 1.047 0.005 -0.952 0.550
0.000 0.023 1.375 50.007 1.047 0.005 -0.952 0.550
0.000 0.031 1.625 50.013 1.047 0.005 -0.952 0.550
0.001 0.040 1.875 50.020 1.047 0.005 -0.951 0.550
0.001 0.051 2.125 50.030 1.047 0.005 -0.951 0.550
0.001 0.063 2.376 50.042 1.047 0.005 -0.951 0.551
0.002 0.076 2.626 50.058 1.047 0.005 -0.951 0.551
0.002 0.090 2.876 50.077 1.047 0.005 -0.951 0.551
0.003 0.106 3.127 50.100 1.047 0.005 -0.950 0.552
0.003 0.123 3.377 50.127 1.047 0.005 -0.950 0.552
0.004 0.141 3.628 50.158 1.047 0.005 -0.950 0.553
0.005 0.160 3.879 50.194 1.047 0.005 -0.949 0.554
0.006 0.181 4.130 50.235 1.047 0.005 -0.949 0.554
0.007 0.203 4.382 50.282 1.047 0.005 -0.948 0.555
0.008 0.226 4.633 50.335 1.047 0.005 -0.948 0.556
0.009 0.250 4.885 50.393 1.047 0.005 -0.947 0.557
0.010 0.275 5.013 25.430 1.047 0.005 -0.947 0.558
0.012 0.300 5.015 0.453 1.047 0.005 -0.946 0.560
0.013 0.325 5.017 0.493 1.047 0.005 -0.945 0.561
0.015 0.351 5.020 0.534 1.047 0.005 -0.944 0.563
0.017 0.376 5.023 0.574 1.047 0.005 -0.943 0.564
0.019 0.401 5.026 0.614 1.047 0.005 -0.942 0.566
0.021 0.426 5.029 0.655 1.047 0.005 -0.941 0.568
0.023 0.451 5.033 0.695 1.047 0.005 -0.940 0.570
0.026 0.476 5.036 0.734 1.047 0.005 -0.939 0.572
0.028 0.501 5.040 0.774 1.047 0.005 -0.938 0.574
0.031 0.527 5.044 0.813 1.047 0.005 -0.936 0.576
0.034 0.552 5.048 0.853 1.047 0.005 -0.935 0.579
0.037 0.577 5.053 0.892 1.047 0.005 -0.933 0.581
0.040 0.603 5.058 0.931 1.047 0.005 -0.932 0.584
0.043 0.628 5.062 0.969 1.047 0.005 -0.930 0.587
0.046 0.653 5.067 1.008 1.047 0.005 -0.929 0.589
0.049 0.679 5.073 1.046 1.047 0.005 -0.927 0.592
0.053 0.704 5.078 1.084 1.047 0.005 -0.925 0.595
0.057 0.729 5.084 1.121 1.047 0.005 -0.923 0.599
0.060 0.755 5.090 1.159 1.047 0.005 -0.922 0.602
0.064 0.780 5.096 1.196 1.047 0.005 -0.920 0.605
0.068 0.806 5.102 1.233 1.047 0.005 -0.918 0.609
0.073 0.831 5.108 1.270 1.047 0.005 -0.915 0.612
0.077 0.857 5.115 1.307 1.047 0.005 -0.913 0.616
0.081 0.882 5.121 1.343 1.047 0.005 -0.911 0.620
0.086 0.908 5.128 1.379 1.047 0.005 -0.909 0.624
0.090 0.934 5.135 1.415 1.047 0.005 -0.907 0.628
0.095 0.960 5.143 1.451 1.047 0.005 -0.904 0.632
0.100 0.985 5.150 1.486 1.047 0.005 -0.902 0.636
0.105 1.011 5.158 1.521 1.047 0.005 -0.899 0.641
0.110 1.037 5.165 1.556 1.047 0.005 -0.897 0.645
0.116 1.063 5.173 1.591 1.047 0.005 -0.894 0.650
0.121 1.089 5.181 1.625 1.046 0.005 -0.891 0.654
0.127 1.115 5.190 1.660 1.046 0.005 -0.888 0.659
0.132 1.141 5.198 1.693 1.046 0.005 -0.885 0.664
0.138 1.167 5.207 1.727 1.046 0.005 -0.883 0.669
0.144 1.193 5.216 1.761 1.046 0.005 -0.880 0.674
0.150 1.219 5.225 1.794 1.046 0.005 -0.877 0.680
0.157 1.245 5.234 1.827 1.046 0.005 -0.873 0.685
0.163 1.271 5.243 1.859 1.046 0.005 -0.870 0.691
0.169 1.297 5.252 1.893 1.046 0.005 -0.867 0.696
0.176 1.324 5.262 1.925 1.046 0.005 -0.864 0.702
0.183 1.350 5.272 1.957 1.046 0.005 -0.860 0.708
0.190 1.377 5.282 1.990 1.045 0.005 -0.857 0.714
0.197 1.403 5.292 2.021 1.045 0.005 -0.853 0.720
0.204 1.430 5.302 2.053 1.045 0.005 -0.850 0.726
0.211 1.456 5.313 2.085 1.045 0.005 -0.846 0.732
0.218 1.483 5.323 2.116 1.045 0.005 -0.842 0.739
0.226 1.509 5.334 2.148 1.045 0.005 -0.839 0.745
0.234 1.536 5.345 2.180 1.045 0.005 -0.835 0.752
0.242 1.563 5.356 2.211 1.044 0.005 -0.831 0.759
0.249 1.590 5.367 2.242 1.044 0.005 -0.827 0.765
0.258 1.617 5.378 2.273 1.044 0.005 -0.823 0.772
0.266 1.644 5.390 2.304 1.044 0.005 -0.819 0.779
0.274 1.671 5.402 2.335 1.044 0.005 -0.814 0.787
0.283 1.698 5.414 2.366 1.043 0.005 -0.810 0.794
0.291 1.725 5.425 2.397 1.043 0.005 -0.806 0.801
0.300 1.752 5.438 2.428 1.043 0.005 -0.801 0.809
0.309 1.779 5.450 2.459 1.043 0.005 -0.797 0.817
0.318 1.807 5.462 2.490 1.042 0.005 -0.792 0.825
0.327 1.834 5.475 2.521 1.042 0.005 -0.788 0.832
0.336 1.861 5.488 2.552 1.042 0.005 -0.783 0.841
0.346 1.889 5.501 2.583 1.042 0.005 -0.778 0.849
0.355 1.916 5.514 2.615 1.041 0.005 -0.773 0.857
0.365 1.944 5.527 2.646 1.041 0.005 -0.768 0.865
0.375 1.972 5.540 2.678 1.041 0.005 -0.764 0.874
0.385 1.999 5.554 2.710 1.040 0.005 -0.758 0.882
0.395 2.027 5.568 2.742 1.040 0.005 -0.753 0.891
0.405 2.055 5.581 2.774 1.040 0.005 -0.748 0.900
0.416 2.083 5.596 2.806 1.039 0.005 -0.743 0.909
0.426 2.111 5.610 2.839 1.039 0.005 -0.737 0.918
0.437 2.139 5.624 2.872 1.038 0.005 -0.732 0.927
0.448 2.168 5.639 2.906 1.038 0.005 -0.727 0.937
0.459 2.196 5.653 2.937 1.038 0.005 -0.721 0.946
0.470 2.224 5.668 2.973 1.037 0.005 -0.715 0.956
0.481 2.253 5.683 3.006 1.037 0.005 -0.710 0.965
0.493 2.281 5.698 3.041 1.036 0.005 -0.704 0.975
0.504 2.310 5.714 3.077 1.036 0.005 -0.698 0.985
0.516 2.338 5.729 3.110 1.035 0.005 -0.692 0.995
0.528 2.367 5.745 3.148 1.035 0.005 -0.686 1.005
0.540 2.396 5.761 3.183 1.034 0.005 -0.680 1.016
0.552 2.425 5.777 3.220 1.034 0.005 -0.674 1.026
0.564 2.454 5.793 3.257 1.033 0.005 -0.667 1.037
0.577 2.483 5.810 3.296 1.032 0.005 -0.661 1.047
0.589 2.512 5.827 3.333 1.032 0.005 -0.654 1.058
0.602 2.541 5.843 3.373 1.031 0.005 -0.648 1.069
0.615 2.570 5.860 3.411 1.030 0.005 -0.641 1.080
0.628 2.600 5.878 3.452 1.030 0.005 -0.635 1.091
0.641 2.629 5.895 3.493 1.029 0.005 -0.628 1.102
0.654 2.659 5.913 3.533 1.028 0.005 -0.621 1.114
0.668 2.688 5.931 3.576 1.028 0.005 -0.614 1.125
0.681 2.718 5.949 3.619 1.027 0.005 -0.607 1.137
0.695 2.748 5.967 3.662 1.026 0.005 -0.600 1.149
0.709 2.778 5.986 3.706 1.025 0.005 -0.593 1.161
0.723 2.808 6.004 3.752 1.024 0.005 -0.585 1.173
0.737 2.838 6.023 3.798 1.024 0.005 -0.578 1.185
0.751 2.868 6.043 3.844 1.023 0.005 -0.571 1.197
0.766 2.899 6.062 3.891 1.022 0.005 -0.563 1.209
0.780 2.929 6.082 3.941 1.021 0.005 -0.555 1.222
0.795 2.960 6.102 3.989 1.020 0.005 -0.548 1.234
0.810 2.990 6.122 4.039 1.019 0.005 -0.540 1.247
0.825 3.021 6.142 4.090 1.018 0.005 -0.532 1.260
0.841 3.052 6.163 4.143 1.017 0.005 -0.524 1.273
0.856 3.083 6.184 4.195 1.016 0.005 -0.516 1.286
0.872 3.114 6.205 4.249 1.015 0.005 -0.508 1.299
0.887 3.145 6.227 4.304 1.014 0.005 -0.499 1.313
0.903 3.176 6.249 4.360 1.012 0.005 -0.491 1.326
0.919 3.207 6.271 4.416 1.011 0.005 -0.482 1.340
0.935 3.239 6.293 4.475 1.010 0.005 -0.474 1.353
0.952 3.270 6.316 4.535 1.009 0.005 -0.465 1.367
0.968 3.302 6.339 4.593 1.008 0.005 -0.456 1.381
0.985 3.334 6.362 4.655 1.006 0.005 -0.447 1.395
1.002 3.366 6.386 4.718 1.005 0.005 -0.438 1.410
1.019 3.398 6.409 4.778 1.004 0.005 -0.429 1.424
1.036 3.430 6.434 4.844 1.002 0.005 -0.420 1.438
1.053 3.462 6.458 4.910 1.001 0.005 -0.411 1.453
1.071 3.495 6.483 4.975 0.999 0.005 -0.401 1.468
1.088 3.527 6.508 5.044 0.998 0.005 -0.392 1.482
1.106 3.560 6.534 5.110 0.996 0.005 -0.382 1.497
1.124 3.593 6.560 5.183 0.995 0.005 -0.372 1.512
1.142 3.626 6.586 5.251 0.993 0.005 -0.362 1.528
1.161 3.659 6.613 5.322 0.992 0.005 -0.352 1.543
1.179 3.692 6.640 5.396 0.990 0.005 -0.342 1.558
1.198 3.725 6.667 5.469 0.988 0.005 -0.332 1.574
1.216 3.759 6.695 5.542 0.986 0.005 -0.322 1.590
1.235 3.792 6.723 5.621 0.985 0.005 -0.311 1.605
1.254 3.826 6.751 5.694 0.983 0.005 -0.301 1.621
1.274 3.860 6.780 5.772 0.981 0.005 -0.290 1.637
1.293 3.894 6.809 5.849 0.979 0.005 -0.279 1.654
1.313 3.928 6.839 5.930 0.977 0.005 -0.268 1.670
1.333 3.963 6.869 6.005 0.975 0.005 -0.257 1.686
1.353 3.997 6.900 6.089 0.973 0.005 -0.246 1.703
1.373 4.032 6.930 6.165 0.971 0.005 -0.234 1.720
1.393 4.067 6.962 6.250 0.969 0.005 -0.223 1.736
1.414 4.102 6.993 6.329 0.967 0.005 -0.211 1.753
1.434 4.137 7.025 6.411 0.964 0.005 -0.199 1.770
1.455 4.172 7.058 6.493 0.962 0.005 -0.187 1.787
1.476 4.207 7.091 6.574 0.960 0.005 -0.175 1.805
1.497 4.243 7.124 6.657 0.958 0.005 -0.163 1.822
1.519 4.279 7.158 6.739 0.955 0.005 -0.151 1.839
1.540 4.315 7.192 6.817 0.953 0.005 -0.138 1.857
1.562 4.351 7.226 6.900 0.950 0.005 -0.126 1.875
1.584 4.387 7.261 6.981 0.948 0.005 -0.113 1.893
1.606 4.424 7.296 7.059 0.945 0.005 -0.100 1.911
1.629 4.460 7.332 7.137 0.942 0.005 -0.087 1.929
1.651 4.497 7.368 7.214 0.940 0.005 -0.074 1.947
1.674 4.534 7.405 7.292 0.937 0.005 -0.060 1.965
1.697 4.571 7.441 7.361 0.934 0.005 -0.047 1.983
1.720 4.609 7.479 7.439 0.931 0.005 -0.033 2.002
1.743 4.646 7.516 7.503 0.928 0.005 -0.019 2.021
1.766 4.684 7.554 7.574 0.925 0.005 -0.005 2.039
1.790 4.722 7.592 7.640 0.922 0.005 0.009 2.058
1.814 4.760 7.631 7.698 0.919 0.005 0.024 2.077
1.838 4.799 7.669 7.759 0.916 0.005 0.038 2.096
1.862 4.837 7.709 7.810 0.913 0.005 0.053 2.115
1.886 4.876 7.748 7.863 0.909 0.005 0.068 2.135
1.911 4.915 7.787 7.909 0.906 0.005 0.083 2.154
1.936 4.954 7.827 7.948 0.903 0.005 0.098 2.173
1.961 4.993 7.867 7.984 0.899 0.005 0.114 2.193
1.986 5.033 7.907 8.011 0.895 0.005 0.129 2.213
2.011 5.073 7.947 8.037 0.892 0.005 0.145 2.232
2.037 5.113 7.988 8.049 0.888 0.005 0.161 2.252
2.062 5.153 8.028 8.058 0.884 0.005 0.178 2.272
2.088 5.193 8.068 8.061 0.881 0.005 0.194 2.292
2.115 5.234 8.108 8.046 0.877 0.005 0.211 2.312
2.141 5.274 8.149 8.032 0.873 0.005 0.228 2.333
2.168 5.315 8.189 8.002 0.869 0.005 0.245 2.353
2.194 5.356 8.228 7.962 0.864 0.005 0.262 2.373
2.221 5.398 8.268 7.916 0.860 0.005 0.280 2.394
2.248 5.439 8.307 7.846 0.856 0.005 0.298 2.414
2.276 5.481 8.346 7.774 0.852 0.005 0.316 2.435
2.303 5.523 8.384 7.683 0.847 0.005 0.334 2.456
2.331 5.565 8.422 7.577 0.843 0.005 0.352 2.477
2.359 5.607 8.460 7.459 0.838 0.005 0.371 2.498
2.388 5.650 8.496 7.319 0.833 0.005 0.390 2.518
2.416 5.692 8.532 7.168 0.829 0.005 0.409 2.539
2.445 5.735 8.567 6.991 0.824 0.005 0.429 2.561
2.474 5.778 8.601 6.802 0.819 0.005 0.448 2.582
2.503 5.821 8.634 6.589 0.814 0.005 0.468 2.603
2.532 5.865 8.666 6.355 0.809 0.005 0.488 2.624
2.562 5.908 8.541 -24.867 0.804 0.005 0.509 2.646
2.591 5.949 8.259 -56.443 0.799 0.005 0.530 2.667
2.621 5.989 7.973 -57.276 0.793 0.005 0.551 2.688
2.651 6.027 7.682 -58.127 0.788 0.005 0.572 2.710
2.682 6.064 7.387 -59.009 0.782 0.005 0.593 2.731
2.712 6.099 7.088 -59.903 0.777 0.005 0.615 2.753
2.743 6.133 6.783 -60.823 0.771 0.005 0.637 2.774
2.774 6.166 6.475 -61.755 0.765 0.005 0.659 2.795
2.805 6.197 6.161 -62.706 0.760 0.005 0.681 2.817
2.836 6.226 5.843 -63.669 0.754 0.005 0.704 2.838
2.867 6.253 5.520 -64.643 0.748 0.005 0.727 2.860
2.899 6.279 5.191 -65.625 0.742 0.005 0.750 2.881
2.930 6.304 4.858 -66.613 0.736 0.005 0.773 2.902
2.962 6.326 4.520 -67.604 0.730 0.005 0.797 2.923
2.993 6.347 4.177 -68.595 0.723 0.005 0.820 2.944
3.025 6.366 3.830 -69.583 0.717 0.005 0.844 2.965
3.057 6.384 3.477 -70.564 0.711 0.005 0.869 2.986
3.089 6.399 3.119 -71.535 0.704 0.005 0.893 3.007
3.121 6.413 2.757 -72.494 0.698 0.005 0.917 3.028
3.153 6.425 2.389 -73.433 0.692 0.005 0.942 3.048
3.186 6.436 2.179 -42.149 0.685 0.005 0.967 3.069
3.218 6.446 2.126 -10.576 0.678 0.005 0.992 3.089
3.250 6.457 2.071 -11.045 0.672 0.005 1.017 3.109
3.282 6.467 2.013 -11.511 0.665 0.005 1.042 3.129
3.315 6.477 1.953 -11.979 0.658 0.005 1.068 3.149
3.347 6.486 1.891 -12.437 0.652 0.005 1.094 3.169
3.380 6.495 1.826 -12.896 0.645 0.005 1.120 3.188
3.412 6.504 1.760 -13.344 0.638 0.005 1.146 3.208
3.445 6.513 1.691 -13.788 0.631 0.005 1.172 3.227
3.477 6.521 1.620 -14.223 0.624 0.005 1.198 3.246
3.510 6.528 1.546 -14.646 0.617 0.005 1.225 3.265
3.543 6.536 1.471 -15.059 0.610 0.005 1.252 3.284
3.575 6.543 1.394 -15.460 0.603 0.005 1.278 3.303
3.608 6.549 1.315 -15.845 0.596 0.005 1.305 3.321
3.641 6.555 1.234 -16.218 0.589 0.005 1.333 3.340
3.674 6.561 1.151 -16.571 0.582 0.005 1.360 3.358
3.707 6.566 1.066 -16.908 0.575 0.005 1.387 3.376
3.739 6.571 0.980 -17.228 0.568 0.005 1.415 3.393
3.772 6.576 0.892 -17.524 0.561 0.005 1.443 3.411
3.805 6.580 0.803 -17.801 0.553 0.005 1.471 3.428
3.838 6.583 0.713 -18.056 0.546 0.005 1.499 3.446
3.871 6.587 0.622 -18.289 0.539 0.005 1.527 3.463
3.904 6.589 0.529 -18.495 0.532 0.005 1.555 3.479
3.937 6.591 0.436 -18.679 0.524 0.005 1.584 3.496
3.970 6.593 0.342 -18.838 0.517 0.005 1.613 3.512
4.003 6.594 0.247 -18.968 0.510 0.005 1.641 3.529
4.036 6.595 0.151 -19.074 0.503 0.005 1.670 3.545
4.069 6.595 0.056 -19.151 0.495 0.005 1.699 3.560
4.102 6.595 -0.040 -19.202 0.488 0.005 1.728 3.576
4.135 6.594 -0.137 -19.225 0.481 0.005 1.757 3.591
4.168 6.593 -0.233 -19.220 0.474 0.005 1.787 3.607
4.201 6.592 -0.329 -19.188 0.466 0.005 1.816 3.621
4.234 6.590 -0.424 -19.127 0.459 0.005 1.845 3.636
4.267 6.587 -0.519 -19.040 0.452 0.005 1.875 3.651
4.299 6.584 -0.614 -18.926 0.445 0.005 1.905 3.665
4.332 6.580 -0.708 -18.784 0.438 0.005 1.934 3.679
4.365 6.576 -0.801 -18.617 0.430 0.005 1.964 3.693
4.398 6.572 -0.893 -18.423 0.423 0.005 1.994 3.706
4.431 6.567 -0.984 -18.205 0.416 0.005 2.024 3.720
4.464 6.562 -1.074 -17.963 0.409 0.005 2.054 3.733
4.497 6.556 -1.163 -17.698 0.402 0.005 2.084 3.746
4.529 6.550 -1.250 -17.410 0.395 0.005 2.114 3.759
4.562 6.543 -1.335 -17.100 0.388 0.005 2.145 3.771
4.595 6.536 -1.419 -16.771 0.381 0.005 2.175 3.783
4.627 6.528 -1.501 -16.422 0.374 0.005 2.205 3.795
4.660 6.520 -1.581 -16.055 0.367 0.005 2.236 3.807
4.692 6.512 -1.660 -15.671 0.360 0.005 2.266 3.819
4.725 6.503 -1.736 -15.272 0.353 0.005 2.297 3.830
4.757 6.494 -1.810 -14.859 0.347 0.005 2.327 3.841
4.790 6.485 -1.882 -14.433 0.340 0.005 2.358 3.852
4.822 6.475 -1.952 -13.995 0.333 0.005 2.388 3.863
4.855 6.465 -2.020 -13.546 0.326 0.005 2.419 3.873
4.887 6.455 -2.086 -13.089 0.320 0.005 2.449 3.884
4.919 6.444 -2.149 -12.624 0.313 0.005 2.480 3.894
4.951 6.433 -2.210 -12.153 0.307 0.005 2.511 3.903
4.983 6.421 -2.268 -11.676 0.300 0.005 2.541 3.913
5.015 6.410 -2.324 -11.195 0.294 0.005 2.572 3.922
5.047 6.398 -2.377 -10.712 0.287 0.005 2.603 3.932
5.079 6.386 -2.429 -10.227 0.281 0.005 2.633 3.941
5.111 6.373 -2.477 -9.742 0.275 0.005 2.664 3.949
5.143 6.361 -2.524 -9.257 0.269 0.005 2.695 3.958
5.175 6.348 -2.567 -8.774 0.263 0.005 2.725 3.966
5.206 6.335 -2.609 -8.294 0.257 0.005 2.756 3.974
5.238 6.322 -2.648 -7.818 0.251 0.005 2.786 3.982
5.270 6.308 -2.685 -7.346 0.245 0.005 2.817 3.990
5.301 6.295 -2.719 -6.880 0.239 0.005 2.848 3.997
5.332 6.281 -2.751 -6.420 0.233 0.005 2.878 4.005
5.364 6.267 -2.781 -5.966 0.227 0.005 2.909 4.012
5.395 6.253 -2.809 -5.521 0.221 0.005 2.939 4.019
5.426 6.239 -2.834 -5.084 0.216 0.005 2.970 4.026
5.457 6.225 -2.857 -4.655 0.210 0.005 3.000 4.032
5.488 6.210 -2.879 -4.237 0.205 0.005 3.030 4.039
5.519 6.196 -2.898 -3.827 0.199 0.005 3.061 4.045
5.550 6.181 -2.915 -3.428 0.194 0.005 3.091 4.051
5.581 6.166 -2.930 -3.040 0.189 0.005 3.121 4.057
5.612 6.152 -2.943 -2.661 0.183 0.005 3.151 4.062
5.643 6.137 -2.955 -2.296 0.178 0.005 3.182 4.068
5.673 6.122 -2.964 -1.940 0.173 0.005 3.212 4.073
5.704 6.107 -2.972 -1.595 0.168 0.005 3.242 4.078
5.734 6.092 -2.979 -1.264 0.163 0.005 3.272 4.083
5.765 6.077 -2.983 -0.942 0.158 0.005 3.302 4.088
5.795 6.062 -2.987 -0.634 0.153 0.005 3.332 4.093
5.825 6.048 -2.988 -0.335 0.149 0.005 3.362 4.098
5.855 6.033 -2.989 -0.051 0.144 0.005 3.392 4.102
5.885 6.018 -2.987 0.224 0.139 0.005 3.421 4.106
5.915 6.003 -2.985 0.488 0.135 0.005 3.451 4.110
5.945 5.988 -2.981 0.737 0.130 0.005 3.481 4.114
5.975 5.973 -2.976 0.979 0.126 0.005 3.510 4.118
6.005 5.958 -2.970 1.207 0.121 0.005 3.540 4.122
6.035 5.943 -2.963 1.427 0.117 0.005 3.569 4.125
6.064 5.928 -2.955 1.633 0.113 0.005 3.599 4.129
6.094 5.914 -2.946 1.831 0.109 0.005 3.628 4.132
6.123 5.899 -2.936 2.018 0.105 0.005 3.658 4.135
6.153 5.884 -2.925 2.195 0.101 0.005 3.687 4.138
6.182 5.870 -2.913 2.362 0.097 0.005 3.716 4.141
6.211 5.855 -2.900 2.520 0.093 0.005 3.745 4.144
6.241 5.841 -2.887 2.667 0.089 0.005 3.774 4.146
6.270 5.827 -2.873 2.809 0.085 0.005 3.803 4.149
6.299 5.812 -2.858 2.938 0.081 0.005 3.832 4.151
6.328 5.798 -2.843 3.062 0.078 0.005 3.861 4.154
6.357 5.784 -2.827 3.175 0.074 0.005 3.890 4.156
6.386 5.770 -2.811 3.283 0.071 0.005 3.919 4.158
6.414 5.756 -2.794 3.383 0.067 0.005 3.948 4.160
6.443 5.742 -2.777 3.473 0.064 0.005 3.976 4.162
6.472 5.728 -2.759 3.559 0.061 0.005 4.005 4.164
6.500 5.715 -2.741 3.638 0.057 0.005 4.033 4.165
6.529 5.701 -2.722 3.710 0.054 0.005 4.062 4.167
6.557 5.687 -2.703 3.776 0.051 0.005 4.090 4.168
6.586 5.674 -2.684 3.836 0.048 0.005 4.119 4.170
6.614 5.661 -2.664 3.891 0.045 0.005 4.147 4.171
6.642 5.647 -2.645 3.940 0.042 0.005 4.175 4.172
6.670 5.634 -2.625 3.985 0.039 0.005 4.203 4.173
6.698 5.621 -2.605 4.025 0.036 0.005 4.231 4.174
6.726 5.608 -2.584 4.061 0.034 0.005 4.259 4.175
6.754 5.596 -2.564 4.090 0.031 0.005 4.287 4.176
6.782 5.583 -2.543 4.119 0.028 0.005 4.315 4.177
6.810 5.570 -2.523 4.141 0.026 0.005 4.343 4.178
6.838 5.558 -2.502 4.162 0.023 0.005 4.371 4.179
6.866 5.545 -2.481 4.176 0.021 0.005 4.398 4.179
6.893 5.533 -2.460 4.191 0.018 0.005 4.426 4.180
6.921 5.521 -2.439 4.200 0.016 0.005 4.454 4.180
6.949 5.509 -2.418 4.209 0.013 0.005 4.481 4.181
6.976 5.497 -2.397 4.213 0.011 0.005 4.509 4.181
7.003 5.485 -2.376 4.216 0.009 0.005 4.536 4.181
7.031 5.473 -2.355 4.217 0.007 0.005 4.564 4.181
7.058 5.461 -2.334 4.215 0.005 0.005 4.591 4.182
7.085 5.450 -2.313 4.212 0.003 0.005 4.618 4.182
7.113 5.438 -2.292 4.207 0.001 0.005 4.645 4.182
7.140 5.427 -2.271 4.201 6.282 0.005 4.672 4.182
7.167 5.416 -2.250 4.193 6.280 0.005 4.699 4.182
7.194 5.405 -2.229 4.184 6.278 0.005 4.727 4.182
7.221 5.394 -2.208 4.175 6.276 0.005 4.753 4.181
7.248 5.383 -2.187 4.163 6.275 0.005 4.780 4.181
7.275 5.372 -2.166 4.152 6.273 0.005 4.807 4.181
7.301 5.361 -2.146 4.140 6.271 0.005 4.834 4.181
7.328 5.351 -2.125 4.127 6.270 0.005 4.861 4.180
7.355 5.340 -2.104 4.114 6.268 0.005 4.888 4.180
7.381 5.330 -2.084 4.100 6.267 0.005 4.914 4.179
7.408 5.319 -2.063 4.087 6.265 0.005 4.941 4.179
7.435 5.309 -2.043 4.073 6.264 0.005 4.967 4.179
7.461 5.299 -2.023 4.059 6.262 0.005 4.994 4.178
7.488 5.289 -2.003 4.045 6.261 0.005 5.020 4.177
7.514 5.279 -1.982 4.031 6.260 0.005 5.047 4.177
7.540 5.269 -1.962 4.019 6.259 0.005 5.073 4.176
7.567 5.259 -1.942 4.005 6.257 0.005 5.099 4.176
7.593 5.250 -1.922 3.994 6.256 0.005 5.125 4.175
7.619 5.240 -1.902 3.981 6.255 0.005 5.152 4.174
7.645 5.231 -1.883 3.970 6.254 0.005 5.178 4.173
7.671 5.222 -1.863 3.960 6.253 0.005 5.204 4.173
7.697 5.212 -1.843 3.950 6.252 0.005 5.230 4.172
7.723 5.203 -1.823 3.940 6.251 0.005 5.256 4.171
7.749 5.194 -1.804 3.933 6.250 0.005 5.282 4.170
7.775 5.185 -1.784 3.925 6.250 0.005 5.308 4.169
7.801 5.177 -1.764 3.919 6.249 0.005 5.334 4.168
7.827 5.168 -1.745 3.914 6.248 0.005 5.360 4.168
7.853 5.159 -1.725 3.910 6.247 0.005 5.385 4.167
7.879 5.151 -1.706 3.907 6.247 0.005 5.411 4.166
7.904 5.142 -1.686 3.905 6.246 0.005 5.437 4.165
7.930 5.134 -1.667 3.904 6.245 0.005 5.462 4.164
7.956 5.126 -1.647 3.905 6.245 0.005 5.488 4.163
7.981 5.118 -1.628 3.907 6.244 0.005 5.514 4.162
8.007 5.109 -1.608 3.910 6.244 0.005 5.539 4.161
8.032 5.102 -1.589 3.915 6.243 0.005 5.565 4.160
8.058 5.094 -1.569 3.921 6.243 0.005 5.590 4.159
8.083 5.086 -1.549 3.929 6.242 0.005 5.615 4.158
8.108 5.078 -1.530 3.939 6.242 0.005 5.641 4.157
8.134 5.071 -1.510 3.949 6.242 0.005 5.666 4.156
8.159 5.063 -1.490 3.962 6.241 0.005 5.691 4.155
8.184 5.056 -1.470 3.976 6.241 0.005 5.717 4.154
8.210 5.049 -1.450 3.992 6.241 0.005 5.742 4.152
8.235 5.042 -1.430 4.009 6.241 0.005 5.767 4.151
8.260 5.034 -1.410 4.028 6.241 0.005 5.792 4.150
8.285 5.028 -1.390 4.049 6.241 0.005 5.817 4.149
8.310 5.021 -1.369 4.071 6.240 0.005 5.842 4.148
8.335 5.014 -1.349 4.095 6.240 0.005 5.867 4.147
8.360 5.007 -1.328 4.121 6.240 0.005 5.892 4.146
8.385 5.001 -1.308 4.149 6.240 0.005 5.917 4.145
8.410 4.994 -1.287 4.179 6.240 0.005 5.942 4.144
8.435 4.988 -1.266 4.210 6.240 0.005 5.967 4.143
8.460 4.982 -1.244 4.244 6.240 0.005 5.992 4.142
8.485 4.976 -1.223 4.279 6.241 0.005 6.017 4.141
8.510 4.970 -1.201 4.316 6.241 0.005 6.042 4.140
8.535 4.964 -1.180 4.355 6.241 0.005 6.067 4.139
8.560 4.958 -1.158 4.395 6.241 0.005 6.091 4.138
8.584 4.952 -1.135 4.438 6.241 0.005 6.116 4.137
8.609 4.947 -1.113 4.483 6.242 0.005 6.141 4.135
8.634 4.941 -1.090 4.529 6.242 0.005 6.166 4.134
8.658 4.936 -1.068 4.578 6.242 0.005 6.190 4.133
8.683 4.931 -1.044 4.628 6.242 0.005 6.215 4.132
8.708 4.926 -1.021 4.680 6.243 0.005 6.240 4.131
8.732 4.921 -0.997 4.734 6.243 0.005 6.264 4.130
8.757 4.916 -0.973 4.790 6.244 0.005 6.289 4.129
8.781 4.911 -0.949 4.848 6.244 0.005 6.313 4.129
8.806 4.906 -0.925 4.907 6.244 0.005 6.338 4.128
8.831 4.902 -0.900 4.969 6.245 0.005 6.362 4.127
8.855 4.898 -0.875 5.032 6.245 0.005 6.387 4.126
8.879 4.893 -0.849 5.097 6.246 0.005 6.411 4.125
8.904 4.889 -0.823 5.164 6.246 0.005 6.436 4.124
8.928 4.885 -0.797 5.233 6.247 0.005 6.460 4.123
8.953 4.881 -0.771 5.304 6.247 0.005 6.484 4.122
8.977 4.878 -0.744 5.376 6.248 0.005 6.509 4.121
9.002 4.874 -0.716 5.450 6.248 0.005 6.533 4.120
9.026 4.871 -0.689 5.526 6.249 0.005 6.557 4.120
9.050 4.867 -0.661 5.603 6.250 0.005 6.582 4.119
9.075 4.864 -0.632 5.682 6.250 0.005 6.606 4.118
9.099 4.861 -0.604 5.762 6.251 0.005 6.630 4.117
9.123 4.858 -0.574 5.845 6.252 0.005 6.655 4.116
9.147 4.856 -0.545 5.928 6.252 0.005 6.679 4.116
9.172 4.853 -0.515 6.013 6.253 0.005 6.703 4.115
9.196 4.851 -0.484 6.099 6.254 0.005 6.727 4.114
9.220 4.848 -0.453 6.187 6.254 0.005 6.752 4.113
9.244 4.846 -0.422 6.277 6.255 0.005 6.776 4.113
9.269 4.844 -0.390 6.367 6.256 0.005 6.800 4.112
9.293 4.842 -0.358 6.459 6.256 0.005 6.824 4.111
9.317 4.841 -0.325 6.551 6.257 0.005 6.848 4.111
9.341 4.839 -0.292 6.645 6.258 0.005 6.873 4.110
9.365 4.838 -0.258 6.740 6.259 0.005 6.897 4.109
9.390 4.837 -0.224 6.836 6.259 0.005 6.921 4.109
9.414 4.836 -0.189 6.933 6.260 0.005 6.945 4.108
9.438 4.835 -0.154 7.031 6.261 0.005 6.969 4.108
9.462 4.835 -0.118 7.129 6.262 0.005 6.993 4.107
9.486 4.834 -0.082 7.228 6.262 0.005 7.018 4.107
9.510 4.834 -0.046 7.327 6.263 0.005 7.042 4.106
9.535 4.834 -0.008 7.427 6.264 0.005 7.066 4.106
9.559 4.834 0.029 7.528 6.265 0.005 7.090 4.105
9.583 4.834 0.067 7.629 6.265 0.005 7.114 4.105
9.607 4.835 0.106 7.730 6.266 0.005 7.138 4.104
9.631 4.836 0.145 7.831 6.267 0.005 7.163 4.104
9.655 4.837 0.185 7.932 6.268 0.005 7.187 4.104
9.680 4.838 0.225 8.033 6.268 0.005 7.211 4.103
9.704 4.839 0.266 8.134 6.269 0.005 7.235 4.103
9.728 4.841 0.307 8.235 6.270 0.005 7.259 4.103
9.752 4.842 0.348 8.335 6.270 0.005 7.284 4.102
9.777 4.844 0.391 8.435 6.271 0.005 7.308 4.102
9.801 4.846 0.433 8.534 6.272 0.005 7.332 4.102
9.825 4.849 0.476 8.633 6.273 0.005 7.356 4.101
9.849 4.851 0.520 8.730 6.273 0.005 7.381 4.101
9.874 4.854 0.564 8.827 6.274 0.005 7.405 4.101
9.898 4.857 0.609 8.922 6.275 0.005 7.429 4.101
9.922 4.861 0.654 9.017 6.275 0.005 7.453 4.101
9.946 4.864 0.699 9.109 6.276 0.005 7.478 4.100
9.971 4.868 0.745 9.201 6.276 0.005 7.502 4.100
9.995 4.872 0.792 9.290 6.277 0.005 7.526 4.100
10.020 4.876 0.839 9.378 6.278 0.005 7.551 4.100
10.044 4.880 0.886 9.464 6.278 0.005 7.575 4.100
10.068 4.885 0.934 9.548 6.279 0.005 7.600 4.100
10.093 4.890 0.982 9.629 6.279 0.005 7.624 4.099
10.117 4.895 1.031 9.708 6.280 0.005 7.649 4.099
10.142 4.900 1.079 9.784 6.280 0.005 7.673 4.099
10.166 4.906 1.129 9.858 6.280 0.005 7.698 4.099
10.191 4.912 1.178 9.929 6.281 0.005 7.722 4.099
10.215 4.918 1.228 9.997 6.281 0.005 7.747 4.099
10.240 4.925 1.279 10.061 6.282 0.005 7.771 4.099
10.265 4.931 1.329 10.122 6.282 0.005 7.796 4.099
10.289 4.938 1.380 10.179 6.282 0.005 7.821 4.099
10.314 4.945 1.431 10.233 6.282 0.005 7.845 4.099
10.339 4.953 1.483 10.282 6.283 0.005 7.870 4.099
10.364 4.960 1.534 10.327 6.283 0.005 7.895 4.099
10.389 4.968 1.586 10.368 6.283 0.005 7.920 4.099
10.413 4.976 1.638 10.404 6.283 0.005 7.945 4.099
10.438 4.985 1.690 10.436 6.283 0.005 7.970 4.099
10.463 4.994 1.743 10.462 6.283 0.005 7.995 4.099
10.488 5.000 1.233 -101.909 0.000 0.005 8.020 4.099
10.513 5.000 0.041 -238.377 0.000 0.005 8.045 4.099
10.538 5.000 0.000 -8.271 0.000 0.005 8.070 4.099
10.563 5.000 -0.000 -0.000 0.000 0.005 8.095 4.099
10.588 5.000 0.000 0.000 0.000 0.005 8.120 4.099
10.613 5.000 0.000 -0.000 0.000 0.005 8.145 4.099
10.638 5.000 -0.000 -0.000 0.000 0.005 8.170 4.099
10.663 5.000 0.000 0.000 0.000 0.005 8.195 4.099
10.688 5.000 -0.000 -0.000 0.000 0.005 8.220 4.099
10.713 5.000 0.000 0.000 0.000 0.005 8.245 4.099
10.738 5.000 -0.000 -0.000 0.000 0.005 8.270 4.099
10.763 5.000 -0.000 0.000 0.000 0.005 8.295 4.099
10.788 5.000 0.000 0.000 0.000 0.005 8.320 4.099
10.813 5.000 0.000 -0.000 0.000 0.005 8.345 4.099
10.838 5.000 -0.000 -0.000 0.000 0.005 8.370 4.099
10.863 5.000 0.000 0.000 0.000 0.005 8.395 4.099
10.888 5.000 0.000 -0.000 0.000 0.005 8.420 4.099
10.913 5.000 -0.000 -0.000 0.000 0.005 8.445 4.099
10.938 5.000 0.000 0.000 0.000 0.005 8.470 4.099
10.963 5.000 0.000 -0.000 0.000 0.005 8.495 4.099
10.988 5.000 0.000 0.000 0.000 0.005 8.520 4.099
11.013 5.000 0.000 -0.000 0.000 0.005 8.545 4.099
11.038 5.000 -0.000 -0.000 0.000 0.005 8.570 4.099
11.063 5.000 0.000 0.000 0.000 0.005 8.595 4.099
11.088 5.000 -0.000 -0.000 0.000 0.005 8.620 4.099
11.113 5.000 0.000 0.000 0.000 0.005 8.645 4.099
11.138 5.000 0.000 0.000 0.000 0.005 8.670 4.099
11.163 5.000 -0.000 -0.000 0.000 0.005 8.695 4.099
11.188 5.000 0.000 0.000 0.000 0.005 8.720 4.099
11.213 5.000 -0.000 -0.000 0.000 0.005 8.745 4.099
11.238 5.000 0.000 0.000 0.000 0.005 8.770 4.099
11.263 5.000 -0.000 -0.000 0.000 0.005 8.795 4.099
11.288 5.000 0.000 0.000 0.000 0.005 8.820 4.099
11.313 5.000 -0.000 -0.000 0.000 0.005 8.845 4.099
11.338 5.000 0.000 0.000 0.000 0.005 8.870 4.099
11.363 5.000 -0.000 -0.000 0.000 0.005 8.895 4.099
11.388 5.000 0.000 0.000 0.000 0.005 8.920 4.099
11.413 5.000 0.000 0.000 0.000 0.005 8.945 4.099
11.438 5.000 -0.000 -0.000 0.000 0.005 8.970 4.099
11.463 5.000 0.000 0.000 0.000 0.005 8.995 4.099
11.488 5.000 -0.000 -0.000 0.000 0.005 9.020 4.099
11.513 5.000 -0.000 0.000 0.000 0.005 9.045 4.099
11.538 5.000 0.000 0.000 0.000 0.005 9.070 4.099
11.563 5.000 0.000 0.000 0.000 0.005 9.095 4.099
11.588 5.000 0.000 0.000 0.000 0.005 9.120 4.099
11.613 5.000 0.000 0.000 0.000 0.005 9.145 4.099
11.638 5.000 -0.000 -0.000 0.000 0.005 9.170 4.099
11.663 5.000 0.000 0.000 0.000 0.005 9.195 4.099
11.688 5.000 0.000 -0.000 0.000 0.005 9.220 4.099
11.713 5.000 0.000 0.000 0.000 0.005 9.245 4.099
11.738 5.000 0.000 0.000 0.000 0.005 9.270 4.099
11.763 5.000 0.000 0.000 0.000 0.005 9.295 4.099
11.788 5.000 0.000 0.000 0.000 0.005 9.320 4.099
11.813 5.000 0.000 0.000 0.000 0.005 9.345 4.099
11.838 5.000 0.000 0.000 0.000 0.005 9.370 4.099
11.863 5.000 0.000 0.000 0.000 0.005 9.395 4.099
11.888 5.000 0.000 0.000 0.000 0.005 9.420 4.099
11.913 5.000 0.000 0.000 0.000 0.005 9.445 4.099
11.938 5.000 0.000 0.000 0.000 0.005 9.470 4.099
11.963 5.000 -0.000 -0.000 0.000 0.005 9.495 4.099
11.988 5.000 0.000 0.000 0.000 0.005 9.520 4.099
12.013 5.000 0.000 -0.000 0.000 0.005 9.545 4.099
12.038 5.000 0.000 0.000 0.000 0.005 9.570 4.099
12.063 5.000 0.000 0.000 0.000 0.005 9.595 4.099
12.088 5.000 0.000 0.000 0.000 0.005 9.620 4.099
12.113 5.000 0.000 0.000 0.000 0.005 9.645 4.099
12.138 5.000 0.000 0.000 0.000 0.005 9.670 4.099
12.163 5.000 0.000 0.000 0.000 0.005 9.695 4.099
12.188 5.000 0.000 0.000 0.000 0.005 9.720 4.099
12.213 5.000 0.000 0.000 0.000 0.005 9.745 4.099
12.238 5.000 0.000 0.000 0.000 0.005 9.770 4.099
12.263 5.000 0.000 0.000 0.000 0.005 9.795 4.099
12.288 5.000 -0.000 -0.000 0.000 0.005 9.820 4.099
12.313 5.000 0.000 0.000 0.000 0.005 9.845 4.099
12.338 5.000 0.000 -0.000 0.000 0.005 9.870 4.099
12.363 5.000 0.000 0.000 0.000 0.005 9.895 4.099
12.388 5.000 0.000 0.000 0.000 0.005 9.920 4.099
12.413 5.000 0.000 0.000 0.000 0.005 9.945 4.099
12.438 5.000 0.000 0.000 0.000 0.005 9.970 4.099
12.463 5.000 0.000 0.000 0.000 0.005 9.995 4.099
12.488 5.000 0.000 0.000 0.000 0.005 10.020 4.099
12.513 5.000 0.000 0.000 0.000 0.005 10.045 4.099
12.538 5.000 0.000 0.000 0.000 0.005 10.070 4.099
12.563 5.000 0.000 0.000 0.000 0.005 10.095 4.099
12.588 5.000 0.000 0.000 0.000 0.005 10.120 4.099
12.613 5.000 -0.000 -0.000 0.000 0.005 10.145 4.099
12.638 5.000 0.000 0.000 0.000 0.005 10.170 4.099
12.663 5.000 -0.000 -0.000 0.000 0.005 10.195 4.099
12.688 5.000 0.000 0.000 0.000 0.005 10.220 4.099
12.713 5.000 0.000 -0.000 0.000 0.005 10.245 4.099
12.738 5.000 0.000 0.000 0.000 0.005 10.270 4.099
12.763 5.000 0.000 0.000 0.000 0.005 10.295 4.099
12.788 5.000 0.000 0.000 0.000 0.005 10.320 4.099
12.813 5.000 0.000 0.000 0.000 0.005 10.345 4.099
12.838 5.000 0.000 0.000 0.000 0.005 10.370 4.099
12.863 5.000 0.000 0.000 0.000 0.005 10.395 4.099
12.888 5.000 0.000 0.000 0.000 0.005 10.420 4.099
12.913 5.000 0.000 0.000 0.000 0.005 10.445 4.099
12.938 5.000 -0.000 -0.000 0.000 0.005 10.470 4.099
12.963 5.000 0.000 0.000 0.000 0.005 10.495 4.099
12.988 5.000 -0.000 -0.000 0.000 0.005 10.520 4.099
13.013 5.000 0.000 0.000 0.000 0.005 10.545 4.099
13.038 5.000 0.000 -0.000 0.000 0.005 10.570 4.099
13.063 5.000 0.000 0.000 0.000 0.005 10.595 4.099
13.088 5.000 0.000 0.000 0.000 0.005 10.620 4.099
13.113 5.000 0.000 0.000 0.000 0.005 10.645 4.099
13.138 5.000 0.000 0.000 0.000 0.005 10.670 4.099
13.163 5.000 0.000 0.000 0.000 0.005 10.695 4.099
13.188 5.000 0.000 0.000 0.000 0.005 10.720 4.099
13.213 5.000 0.000 0.000 0.000 0.005 10.745 4.099
13.238 5.000 0.000 0.000 0.000 0.005 10.770 4.099
13.263 5.000 -0.000 -0.000 0.000 0.005 10.795 4.099
13.288 5.000 0.000 0.000 0.000 0.005 10.820 4.099
13.313 5.000 -0.000 -0.000 0.000 0.005 10.845 4.099
13.338 5.000 0.000 0.000 0.000 0.005 10.870 4.099
13.363 5.000 0.000 -0.000 0.000 0.005 10.895 4.099
13.388 5.000 0.000 0.000 0.000 0.005 10.920 4.099
13.413 5.000 0.000 0.000 0.000 0.005 10.945 4.099
13.438 5.000 0.000 0.000 0.000 0.005 10.970 4.099
13.463 5.000 0.000 0.000 0.000 0.005 10.995 4.099
13.488 5.000 0.000 0.000 0.000 0.005 11.020 4.099
13.513 5.000 0.000 0.000 0.000 0.005 11.045 4.099
13.538 5.000 0.000 0.000 0.000 0.005 11.070 4.099
13.563 5.000 0.000 0.000 0.000 0.005 11.095 4.099
13.588 5.000 -0.000 -0.000 0.000 0.005 11.120 4.099
13.613 5.000 0.000 0.000 0.000 0.005 11.145 4.099
13.638 5.000 -0.000 -0.000 0.000 0.005 11.170 4.099
13.663 5.000 0.000 0.000 0.000 0.005 11.195 4.099
13.688 5.000 0.000 -0.000 0.000 0.005 11.220 4.099
13.713 5.000 0.000 0.000 0.000 0.005 11.245 4.099
13.738 5.000 0.000 0.000 0.000 0.005 11.270 4.099
13.763 5.000 0.000 0.000 0.000 0.005 11.295 4.099
13.788 5.000 0.000 0.000 0.000 0.005 11.320 4.099
13.813 5.000 0.000 0.000 0.000 0.005 11.345 4.099
13.838 5.000 0.000 0.000 0.000 0.005 11.370 4.099
13.863 5.000 0.000 0.000 0.000 0.005 11.395 4.099
13.888 5.000 0.000 0.000 0.000 0.005 11.420 4.099
13.913 5.000 -0.000 -0.000 0.000 0.005 11.445 4.099
13.938 5.000 0.000 0.000 0.000 0.005 11.470 4.099
13.963 5.000 -0.000 -0.000 0.000 0.005 11.495 4.099
13.988 5.000 0.000 0.000 0.000 0.005 11.520 4.099
14.013 5.000 -0.000 -0.000 0.000 0.005 11.545 4.099
14.038 5.000 0.000 0.000 0.000 0.005 11.570 4.099
14.063 5.000 0.000 -0.000 0.000 0.005 11.595 4.099
14.088 5.000 0.000 0.000 0.000 0.005 11.620 4.099
14.113 5.000 0.000 0.000 0.000 0.005 11.645 4.099
14.138 5.000 0.000 0.000 0.000 0.005 11.670 4.099
14.163 5.000 0.000 0.000 0.000 0.005 11.695 4.099
14.188 5.000 0.000 0.000 0.000 0.005 11.720 4.099
14.213 5.000 0.000 0.000 0.000 0.005 11.745 4.099
14.238 5.000 0.000 0.000 0.000 0.005 11.770 4.099
14.263 5.000 0.000 0.000 0.000 0.005 11.795 4.099
14.288 5.000 -0.000 -0.000 0.000 0.005 11.820 4.099
14.313 5.000 0.000 0.000 0.000 0.005 11.845 4.099
14.338 5.000 -0.000 -0.000 0.000 0.005 11.870 4.099
14.363 5.000 0.000 0.000 0.000 0.005 11.895 4.099
14.388 5.000 0.000 -0.000 0.000 0.005 11.920 4.099
14.413 5.000 0.000 0.000 0.000 0.005 11.945 4.099
14.438 5.000 0.000 0.000 0.000 0.005 11.970 4.099
14.463 5.000 0.000 0.000 0.000 0.005 11.995 4.099
14.488 5.000 0.000 0.000 0.000 0.005 12.020 4.099
14.513 5.000 0.000 -0.000 0.000 0.005 12.045 4.099
14.538 5.000 0.000 -0.000 0.000 0.005 12.070 4.099
14.563 5.000 -0.000 -0.000 0.000 0.005 12.095 4.099
14.588 5.000 0.000 0.000 0.000 0.005 12.120 4.099
14.613 5.000 -0.000 -0.000 0.000 0.005 12.145 4.099
14.638 5.000 0.000 0.000 0.000 0.005 12.170 4.099
14.663 5.000 0.000 0.000 0.000 0.005 12.195 4.099
14.688 5.000 0.000 0.000 0.000 0.005 12.220 4.099
14.713 5.000 0.000 0.000 0.000 0.005 12.245 4.099
14.738 5.000 0.000 0.000 0.000 0.005 12.270 4.099
14.763 5.000 0.000 0.000 0.000 0.005 12.295 4.099
14.788 5.000 0.000 0.000 0.000 0.005 12.320 4.099
14.813 5.000 0.000 0.000 0.000 0.005 12.345 4.099
14.838 5.000 0.000 0.000 0.000 0.005 12.370 4.099
14.863 5.000 0.000 0.000 0.000 0.005 12.395 4.099
14.888 5.000 -0.000 -0.000 0.000 0.005 12.420 4.099
14.913 5.000 0.000 0.000 0.000 0.005 12.445 4.099
14.938 5.000 -0.000 -0.000 0.000 0.005 12.470 4.099
14.963 5.000 0.000 0.000 0.000 0.005 12.495 4.099
14.988 5.000 -0.000 -0.000 0.000 0.005 12.520 4.099
15.013 5.000 0.000 0.000 0.000 0.005 12.545 4.099
15.038 5.000 -0.000 -0.000 0.000 0.005 12.570 4.099
15.063 5.000 0.000 0.000 0.000 0.005 12.595 4.099
15.088 5.000 -0.000 -0.000 0.000 0.005 12.620 4.099
15.113 5.000 0.000 0.000 0.000 0.005 12.645 4.099
15.138 5.000 -0.000 -0.000 0.000 0.005 12.670 4.099
15.163 5.000 0.000 0.000 0.000 0.005 12.695 4.099
15.188 5.000 -0.000 -0.000 0.000 0.005 12.720 4.099
15.213 5.000 0.000 0.000 0.000 0.005 12.745 4.099
15.238 5.000 0.000 0.000 0.000 0.005 12.770 4.099
15.263 5.000 0.000 0.000 0.000 0.005 12.795 4.099
15.288 5.000 0.000 0.000 0.000 0.005 12.820 4.099
15.313 5.000 0.000 0.000 0.000 0.005 12.845 4.099
15.338 5.000 0.000 0.000 0.000 0.005 12.870 4.099
15.363 5.000 0.000 0.000 0.000 0.005 12.895 4.099
15.388 5.000 0.000 0.000 0.000 0.005 12.920 4.099
15.413 5.000 0.000 0.000 0.000 0.005 12.945 4.099
15.438 5.000 0.000 0.000 0.000 0.005 12.970 4.099
15.463 5.000 -0.000 -0.000 0.000 0.005 12.995 4.099
15.488 5.000 0.000 0.000 0.000 0.005 13.020 4.099
15.513 5.000 -0.000 -0.000 0.000 0.005 13.045 4.099
15.538 5.000 0.000 0.000 0.000 0.005 13.070 4.099
15.563 5.000 -0.000 -0.000 0.000 0.005 13.095 4.099
15.588 5.000 0.000 0.000 0.000 0.005 13.120 4.099
15.613 5.000 -0.000 -0.000 0.000 0.005 13.145 4.099
15.638 5.000 0.000 0.000 0.000 0.005 13.170 4.099
15.663 5.000 0.000 0.000 0.000 0.005 13.195 4.099
15.688 5.000 0.000 0.000 0.000 0.005 13.220 4.099
15.713 5.000 0.000 0.000 0.000 0.005 13.245 4.099
15.738 5.000 -0.036 -7.145 0.000 0.005 13.270 4.099
15.763 4.999 -0.196 -32.145 0.000 0.005 13.295 4.099
15.788 4.997 -0.446 -50.000 0.000 0.005 13.320 4.099
15.813 4.993 -0.696 -50.000 0.000 0.005 13.345 4.099
15.838 4.988 -0.946 -50.000 0.000 0.005 13.370 4.099
15.863 4.982 -1.196 -50.000 0.000 0.005 13.394 4.099
15.888 4.975 -1.446 -50.000 0.000 0.005 13.419 4.099
15.913 4.967 -1.696 -50.000 0.000 0.005 13.444 4.099
15.938 4.957 -1.946 -50.000 0.000 0.005 13.469 4.099
15.962 4.946 -2.196 -50.000 0.000 0.005 13.494 4.099
15.987 4.934 -2.446 -50.000 0.000 0.005 13.518 4.099
16.012 4.920 -2.696 -50.000 0.000 0.005 13.543 4.099
16.036 4.906 -2.946 -50.000 0.000 0.005 13.567 4.099
16.061 4.890 -3.196 -50.000 0.000 0.005 13.592 4.099
16.085 4.872 -3.446 -50.000 0.000 0.005 13.616 4.099
16.109 4.854 -3.696 -50.000 0.000 0.005 13.641 4.099
16.133 4.834 -3.946 -50.000 0.000 0.005 13.665 4.099
16.157 4.813 -4.196 -50.000 0.000 0.005 13.689 4.099
16.181 4.791 -4.446 -50.000 0.000 0.005 13.713 4.099
16.205 4.767 -4.696 -50.000 0.000 0.005 13.737 4.099
16.229 4.743 -4.911 -42.855 0.000 0.005 13.760 4.099
16.253 4.718 -5.000 -17.855 0.000 0.005 13.784 4.099
16.276 4.693 -5.000 0.000 0.000 0.005 13.807 4.099
16.299 4.668 -5.000 0.000 0.000 0.005 13.831 4.099
16.323 4.643 -5.000 -0.000 0.000 0.005 13.854 4.099
16.346 4.618 -5.000 0.000 0.000 0.005 13.877 4.099
16.369 4.593 -5.000 0.000 0.000 0.005 13.900 4.099
16.391 4.568 -5.000 -0.000 0.000 0.005 13.923 4.099
16.414 4.543 -5.000 0.000 0.000 0.005 13.945 4.099
16.437 4.518 -5.000 -0.000 0.000 0.005 13.968 4.099
16.459 4.493 -5.000 0.000 0.000 0.005 13.991 4.099
16.482 4.468 -5.000 -0.000 0.000 0.005 14.013 4.099
16.504 4.443 -5.000 0.000 0.000 0.005 14.035 4.099
16.526 4.418 -5.000 -0.000 0.000 0.005 14.057 4.099
16.548 4.393 -5.000 0.000 0.000 0.005 14.079 4.099
16.570 4.368 -5.000 -0.000 0.000 0.005 14.101 4.099
16.591 4.343 -5.000 -0.000 0.000 0.005 14.123 4.099
16.613 4.318 -5.000 0.000 0.000 0.005 14.144 4.099
16.634 4.293 -5.000 0.000 0.000 0.005 14.166 4.099
16.656 4.268 -5.000 -0.000 0.000 0.005 14.187 4.099
16.677 4.243 -5.000 0.000 0.000 0.005 14.208 4.099
16.698 4.218 -5.000 0.000 0.000 0.005 14.229 4.099
16.719 4.193 -5.000 -0.000 0.000 0.005 14.250 4.099
16.740 4.168 -5.000 0.000 0.000 0.005 14.271 4.099
16.761 4.143 -5.000 -0.000 0.000 0.005 14.292 4.099
16.781 4.118 -5.000 0.000 0.000 0.005 14.313 4.099
16.802 4.093 -5.000 -0.000 0.000 0.005 14.333 4.099
16.822 4.068 -5.000 0.000 0.000 0.005 14.353 4.099
16.842 4.043 -5.000 -0.000 0.000 0.005 14.374 4.099
16.862 4.018 -5.000 0.000 0.000 0.005 14.394 4.099
16.882 3.993 -5.000 -0.000 0.000 0.005 14.414 4.099
16.902 3.968 -5.000 0.000 0.000 0.005 14.433 4.099
16.922 3.943 -5.000 -0.000 0.000 0.005 14.453 4.099
16.941 3.918 -5.000 0.000 0.000 0.005 14.473 4.099
16.961 3.893 -5.000 -0.000 0.000 0.005 14.492 4.099
16.980 3.868 -5.000 0.000 0.000 0.005 14.512 4.099
16.999 3.843 -5.000 0.000 0.000 0.005 14.531 4.099
17.019 3.818 -5.000 -0.000 0.000 0.005 14.550 4.099
17.037 3.793 -5.000 0.000 0.000 0.005 14.569 4.099
17.056 3.768 -5.000 -0.000 0.000 0.005 14.588 4.099
17.075 3.743 -5.000 0.000 0.000 0.005 14.606 4.099
17.094 3.718 -5.000 -0.000 0.000 0.005 14.625 4.099
17.112 3.693 -5.000 0.000 0.000 0.005 14.643 4.099
17.130 3.668 -5.000 -0.000 0.000 0.005 14.662 4.099
17.149 3.643 -5.000 0.000 0.000 0.005 14.680 4.099
17.167 3.618 -5.000 -0.000 0.000 0.005 14.698 4.099
17.185 3.593 -5.000 0.000 0.000 0.005 14.716 4.099
17.203 3.568 -5.000 -0.000 0.000 0.005 14.734 4.099
17.220 3.543 -5.000 0.000 0.000 0.005 14.752 4.099
17.238 3.518 -5.000 -0.000 0.000 0.005 14.769 4.099
17.255 3.493 -5.000 0.000 0.000 0.005 14.787 4.099
17.273 3.468 -5.000 -0.000 0.000 0.005 14.804 4.099
17.290 3.443 -5.000 0.000 0.000 0.005 14.821 4.099
17.307 3.418 -5.000 -0.000 0.000 0.005 14.838 4.099
17.324 3.393 -5.000 -0.000 0.000 0.005 14.855 4.099
17.341 3.368 -5.000 0.000 0.000 0.005 14.872 4.099
17.357 3.343 -5.000 0.000 0.000 0.005 14.889 4.099
17.374 3.318 -5.000 0.000 0.000 0.005 14.905 4.099
17.391 3.293 -5.000 0.000 0.000 0.005 14.922 4.099
17.407 3.268 -5.000 -0.000 0.000 0.005 14.938 4.099
17.423 3.243 -5.000 -0.000 0.000 0.005 14.954 4.099
17.439 3.218 -5.000 0.000 0.000 0.005 14.970 4.099
17.455 3.193 -5.000 0.000 0.000 0.005 14.986 4.099
17.471 3.168 -5.000 -0.000 0.000 0.005 15.002 4.099
17.487 3.143 -5.000 0.000 0.000 0.005 15.018 4.099
17.502 3.118 -5.000 -0.000 0.000 0.005 15.034 4.099
17.518 3.093 -5.000 0.000 0.000 0.005 15.049 4.099
17.533 3.068 -5.000 -0.000 0.000 0.005 15.064 4.099
17.548 3.043 -5.000 0.000 0.000 0.005 15.080 4.099
17.563 3.018 -5.000 -0.000 0.000 0.005 15.095 4.099
17.578 2.993 -5.000 0.000 0.000 0.005 15.110 4.099
17.593 2.968 -5.000 -0.000 0.000 0.005 15.124 4.099
17.608 2.943 -5.000 0.000 0.000 0.005 15.139 4.099
17.622 2.918 -5.000 -0.000 0.000 0.005 15.154 4.099
17.637 2.893 -5.000 0.000 0.000 0.005 15.168 4.099
17.651 2.868 -5.000 0.000 0.000 0.005 15.183 4.099
17.665 2.843 -5.000 0.000 0.000 0.005 15.197 4.099
17.680 2.818 -5.000 -0.000 0.000 0.005 15.211 4.099
17.694 2.793 -5.000 0.000 0.000 0.005 15.225 4.099
17.707 2.768 -5.000 0.000 0.000 0.005 15.239 4.099
17.721 2.743 -5.000 -0.000 0.000 0.005 15.252 4.099
17.735 2.718 -5.000 0.000 0.000 0.005 15.266 4.099
17.748 2.693 -5.000 0.000 0.000 0.005 15.279 4.099
17.761 2.668 -5.000 -0.000 0.000 0.005 15.293 4.099
17.775 2.643 -5.000 0.000 0.000 0.005 15.306 4.099
17.788 2.618 -5.000 0.000 0.000 0.005 15.319 4.099
17.801 2.593 -5.000 -0.000 0.000 0.005 15.332 4.099
17.814 2.568 -5.000 0.000 0.000 0.005 15.345 4.099
17.826 2.543 -5.000 0.000 0.000 0.005 15.358 4.099
17.839 2.518 -5.000 -0.000 0.000 0.005 15.370 4.099
17.851 2.493 -5.000 0.000 0.000 0.005 15.383 4.099
17.864 2.468 -5.000 0.000 0.000 0.005 15.395 4.099
17.876 2.443 -5.000 0.000 0.000 0.005 15.407 4.099
17.888 2.418 -5.000 -0.000 0.000 0.005 15.419 4.099
17.900 2.393 -5.000 0.000 0.000 0.005 15.431 4.099
17.912 2.368 -5.000 -0.000 0.000 0.005 15.443 4.099
17.924 2.343 -5.000 -0.000 0.000 0.005 15.455 4.099
17.935 2.318 -5.000 0.000 0.000 0.005 15.466 4.099
17.947 2.293 -5.000 0.000 0.000 0.005 15.478 4.099
17.958 2.268 -5.000 0.000 0.000 0.005 15.489 4.099
17.969 2.243 -5.000 -0.000 0.000 0.005 15.500 4.099
17.980 2.218 -5.000 0.000 0.000 0.005 15.512 4.099
17.991 2.193 -5.000 0.000 0.000 0.005 15.523 4.099
18.002 2.168 -5.000 -0.000 0.000 0.005 15.533 4.099
18.013 2.143 -5.000 0.000 0.000 0.005 15.544 4.099
18.023 2.118 -5.000 -0.000 0.000 0.005 15.555 4.099
18.034 2.093 -5.000 0.000 0.000 0.005 15.565 4.099
18.044 2.068 -5.000 -0.000 0.000 0.005 15.575 4.099
18.054 2.043 -5.000 0.000 0.000 0.005 15.586 4.099
18.064 2.018 -5.000 0.000 0.000 0.005 15.596 4.099
18.074 1.993 -5.000 0.000 0.000 0.005 15.606 4.099
18.084 1.968 -5.000 -0.000 0.000 0.005 15.616 4.099
18.094 1.943 -5.000 0.000 0.000 0.005 15.625 4.099
18.104 1.918 -5.000 -0.000 0.000 0.005 15.635 4.099
18.113 1.893 -5.000 0.000 0.000 0.005 15.644 4.099
18.122 1.868 -5.000 -0.000 0.000 0.005 15.654 4.099
18.132 1.843 -5.000 0.000 0.000 0.005 15.663 4.099
18.141 1.818 -5.000 -0.000 0.000 0.005 15.672 4.099
18.150 1.793 -5.000 0.000 0.000 0.005 15.681 4.099
18.158 1.768 -5.000 0.000 0.000 0.005 15.690 4.099
18.167 1.743 -5.000 -0.000 0.000 0.005 15.698 4.099
18.176 1.718 -5.000 0.000 0.000 0.005 15.707 4.099
18.184 1.693 -5.000 0.000 0.000 0.005 15.716 4.099
18.193 1.668 -5.000 -0.000 0.000 0.005 15.724 4.099
18.201 1.643 -5.000 0.000 0.000 0.005 15.732 4.099
18.209 1.618 -5.000 -0.000 0.000 0.005 15.740 4.099
18.217 1.593 -5.000 0.000 0.000 0.005 15.748 4.099
18.225 1.568 -5.000 -0.000 0.000 0.005 15.756 4.099
18.232 1.543 -5.000 0.000 0.000 0.005 15.764 4.099
18.240 1.518 -5.000 -0.000 0.000 0.005 15.771 4.099
18.247 1.493 -5.000 0.000 0.000 0.005 15.779 4.099
18.255 1.468 -5.000 -0.000 0.000 0.005 15.786 4.099
18.262 1.443 -5.000 0.000 0.000 0.005 15.793 4.099
18.269 1.418 -5.000 0.000 0.000 0.005 15.800 4.099
18.276 1.393 -5.000 -0.000 0.000 0.005 15.807 4.099
18.283 1.368 -5.000 0.000 0.000 0.005 15.814 4.099
18.290 1.343 -5.000 0.000 0.000 0.005 15.821 4.099
18.296 1.318 -5.000 -0.000 0.000 0.005 15.828 4.099
18.303 1.293 -5.000 0.000 0.000 0.005 15.834 4.099
18.309 1.268 -5.000 0.000 0.000 0.005 15.840 4.099
18.315 1.243 -5.000 -0.000 0.000 0.005 15.847 4.099
18.321 1.218 -5.000 0.000 0.000 0.005 15.853 4.099
18.327 1.193 -5.000 0.000 0.000 0.005 15.859 4.099
18.333 1.168 -5.000 -0.000 0.000 0.005 15.864 4.099
18.339 1.143 -5.000 0.000 0.000 0.005 15.870 4.099
18.344 1.118 -5.000 -0.000 0.000 0.005 15.876 4.099
18.350 1.093 -5.000 0.000 0.000 0.005 15.881 4.099
18.355 1.068 -5.000 0.000 0.000 0.005 15.887 4.099
18.360 1.043 -5.000 0.000 0.000 0.005 15.892 4.099
18.366 1.018 -5.000 0.000 0.000 0.005 15.897 4.099
18.370 0.993 -5.000 -0.000 0.000 0.005 15.902 4.099
18.375 0.968 -5.000 0.000 0.000 0.005 15.907 4.099
18.380 0.943 -5.000 -0.000 0.000 0.005 15.911 4.099
18.385 0.918 -5.000 0.000 0.000 0.005 15.916 4.099
18.389 0.893 -5.000 0.000 0.000 0.005 15.920 4.099
18.393 0.868 -5.000 0.000 0.000 0.005 15.925 4.099
18.398 0.843 -5.000 -0.000 0.000 0.005 15.929 4.099
18.402 0.818 -5.000 0.000 0.000 0.005 15.933 4.099
18.406 0.793 -5.000 0.000 0.000 0.005 15.937 4.099
18.410 0.768 -5.000 0.000 0.000 0.005 15.941 4.099
18.413 0.743 -5.000 0.000 0.000 0.005 15.945 4.099
18.417 0.718 -5.000 -0.000 0.000 0.005 15.948 4.099
18.420 0.693 -5.000 0.000 0.000 0.005 15.952 4.099
18.424 0.668 -5.000 0.000 0.000 0.005 15.955 4.099
18.427 0.643 -5.000 -0.000 0.000 0.005 15.958 4.099
18.430 0.618 -5.000 0.000 0.000 0.005 15.961 4.099
18.433 0.593 -5.000 -0.000 0.000 0.005 15.964 4.099
18.436 0.568 -5.000 0.000 0.000 0.005 15.967 4.099
18.438 0.543 -5.000 -0.000 0.000 0.005 15.970 4.099
18.441 0.518 -5.000 0.000 0.000 0.005 15.972 4.099
18.444 0.493 -5.000 -0.000 0.000 0.005 15.975 4.099
18.446 0.468 -5.000 0.000 0.000 0.005 15.977 4.099
18.448 0.443 -5.000 -0.000 0.000 0.005 15.979 4.099
18.450 0.418 -5.000 -0.000 0.000 0.005 15.981 4.099
18.452 0.393 -5.000 0.000 0.000 0.005 15.983 4.099
18.454 0.368 -5.000 -0.000 0.000 0.005 15.985 4.099
18.456 0.343 -5.000 0.000 0.000 0.005 15.987 4.099
18.457 0.318 -5.000 0.000 0.000 0.005 15.989 4.099
18.459 0.293 -5.000 -0.000 0.000 0.005 15.990 4.099
18.460 0.268 -5.000 0.000 0.000 0.005 15.991 4.099
18.461 0.243 -4.964 7.145 0.000 0.005 15.993 4.099
18.462 0.219 -4.804 32.145 0.000 0.005 15.994 4.099
18.463 0.196 -4.554 50.000 0.000 0.005 15.995 4.099
18.464 0.175 -4.304 50.000 0.000 0.005 15.996 4.099
18.465 0.154 -4.054 50.000 0.000 0.005 15.996 4.099
18.466 0.135 -3.804 50.000 0.000 0.005 15.997 4.099
18.466 0.118 -3.554 50.000 0.000 0.005 15.998 4.099
18.467 0.101 -3.304 50.000 0.000 0.005 15.998 4.099
18.467 0.086 -3.054 50.000 0.000 0.005 15.999 4.099
18.468 0.072 -2.804 50.000 0.000 0.005 15.999 4.099
18.468 0.059 -2.554 50.000 0.000 0.005 15.999 4.099
18.468 0.048 -2.304 50.000 0.000 0.005 15.999 4.099
18.468 0.037 -2.054 50.000 0.000 0.005 16.000 4.099
18.468 0.028 -1.804 50.000 0.000 0.005 16.000 4.099
18.469 0.021 -1.554 50.000 0.000 0.005 16.000 4.099
18.469 0.014 -1.304 50.000 0.000 0.005 16.000 4.099
18.469 0.009 -1.054 50.000 0.000 0.005 16.000 4.099
18.469 0.005 -0.804 50.000 0.000 0.005 16.000 4.099
18.469 0.002 -0.554 50.000 0.000 0.005 16.000 4.099
18.469 0.000 -0.304 50.000 0.000 0.005 16.000 4.099
18.469 0.000 -0.089 42.855 0.000 0.005 16.000 4.099
0.000 0.001 0.250 50.000 1.047 0.005 0.952 -0.549
0.000 0.002 0.250 -0.000 1.047 0.005 0.952 -0.549
0.000 0.006 0.625 74.999 1.047 0.005 0.952 -0.549
0.000 0.010 0.875 49.998 1.047 0.005 0.952 -0.549
0.000 0.016 1.125 49.996 1.047 0.005 0.952 -0.549
0.000 0.022 1.375 49.993 1.047 0.005 0.952 -0.549
0.000 0.031 1.625 49.987 1.047 0.005 0.952 -0.549
0.001 0.040 1.875 49.980 1.047 0.005 0.952 -0.549
0.001 0.051 2.125 49.970 1.047 0.005 0.952 -0.549
0.001 0.062 2.374 49.958 1.047 0.005 0.952 -0.548
0.002 0.076 2.624 49.942 1.047 0.005 0.953 -0.548
0.002 0.090 2.874 49.923 1.047 0.005 0.953 -0.548
0.003 0.106 3.123 49.900 1.047 0.005 0.953 -0.547
0.003 0.122 3.373 49.873 1.047 0.005 0.953 -0.547
0.004 0.141 3.622 49.842 1.047 0.005 0.954 -0.546
0.005 0.160 3.871 49.806 1.047 0.005 0.954 -0.545
0.006 0.181 4.120 49.764 1.047 0.005 0.955 -0.545
0.007 0.202 4.368 49.718 1.047 0.005 0.955 -0.544
0.008 0.225 4.617 49.665 1.047 0.005 0.956 -0.543
0.009 0.250 4.865 49.607 1.047 0.005 0.956 -0.542
0.010 0.275 4.987 24.570 1.047 0.005 0.957 -0.541
0.012 0.300 4.985 -0.453 1.047 0.005 0.958 -0.539
0.013 0.325 4.983 -0.493 1.047 0.005 0.958 -0.538
0.015 0.349 4.980 -0.534 1.047 0.005 0.959 -0.536
0.017 0.374 4.977 -0.574 1.047 0.005 0.960 -0.535
0.019 0.399 4.974 -0.614 1.047 0.005 0.961 -0.533
0.021 0.424 4.971 -0.655 1.047 0.005 0.962 -0.531
0.023 0.449 4.967 -0.695 1.047 0.005 0.963 -0.529
0.026 0.474 4.964 -0.734 1.047 0.005 0.965 -0.527
0.028 0.499 4.960 -0.774 1.047 0.005 0.966 -0.525
0.031 0.523 4.956 -0.813 1.047 0.005 0.967 -0.523
0.034 0.548 4.952 -0.853 1.047 0.005 0.969 -0.520
0.037 0.573 4.947 -0.892 1.047 0.005 0.970 -0.518
0.040 0.597 4.942 -0.931 1.047 0.005 0.971 -0.515
0.043 0.622 4.938 -0.969 1.047 0.005 0.973 -0.513
0.046 0.647 4.933 -1.008 1.047 0.005 0.975 -0.510
0.049 0.671 4.927 -1.046 1.047 0.005 0.976 -0.507
0.053 0.696 4.922 -1.084 1.047 0.005 0.978 -0.504
0.056 0.721 4.916 -1.122 1.047 0.005 0.980 -0.501
0.060 0.745 4.910 -1.159 1.047 0.005 0.982 -0.498
0.064 0.770 4.904 -1.196 1.047 0.005 0.984 -0.494
0.068 0.794 4.898 -1.233 1.047 0.005 0.986 -0.491
0.072 0.819 4.892 -1.270 1.047 0.005 0.988 -0.487
0.076 0.843 4.885 -1.307 1.047 0.005 0.990 -0.484
0.080 0.868 4.879 -1.343 1.047 0.005 0.992 -0.480
0.085 0.892 4.872 -1.379 1.047 0.005 0.994 -0.476
0.090 0.916 4.865 -1.415 1.047 0.005 0.996 -0.472
0.094 0.940 4.857 -1.451 1.047 0.005 0.999 -0.468
0.099 0.965 4.850 -1.486 1.047 0.005 1.001 -0.464
0.104 0.989 4.842 -1.521 1.047 0.005 1.004 -0.459
0.109 1.013 4.835 -1.556 1.047 0.005 1.006 -0.455
0.114 1.037 4.827 -1.591 1.047 0.005 1.009 -0.451
0.120 1.061 4.819 -1.625 1.046 0.005 1.012 -0.446
0.125 1.085 4.810 -1.659 1.046 0.005 1.014 -0.441
0.131 1.109 4.802 -1.694 1.046 0.005 1.017 -0.436
0.136 1.133 4.793 -1.727 1.046 0.005 1.020 -0.432
0.142 1.157 4.784 -1.761 1.046 0.005 1.023 -0.427
0.148 1.181 4.775 -1.794 1.046 0.005 1.026 -0.421
0.154 1.205 4.766 -1.827 1.046 0.005 1.029 -0.416
0.160 1.229 4.757 -1.860 1.046 0.005 1.032 -0.411
0.166 1.253 4.748 -1.892 1.046 0.005 1.035 -0.405
0.173 1.276 4.738 -1.925 1.046 0.005 1.038 -0.400
0.179 1.300 4.728 -1.957 1.046 0.005 1.041 -0.394
0.186 1.323 4.718 -1.989 1.045 0.005 1.045 -0.389
0.193 1.347 4.708 -2.022 1.045 0.005 1.048 -0.383
0.199 1.370 4.698 -2.053 1.045 0.005 1.052 -0.377
0.206 1.394 4.687 -2.085 1.045 0.005 1.055 -0.371
0.213 1.417 4.677 -2.117 1.045 0.005 1.059 -0.365
0.221 1.441 4.666 -2.148 1.045 0.005 1.062 -0.358
0.228 1.464 4.655 -2.179 1.045 0.005 1.066 -0.352
0.235 1.487 4.644 -2.211 1.044 0.005 1.070 -0.346
0.243 1.510 4.633 -2.242 1.044 0.005 1.073 -0.339
0.251 1.533 4.622 -2.273 1.044 0.005 1.077 -0.333
0.258 1.556 4.610 -2.304 1.044 0.005 1.081 -0.326
0.266 1.579 4.598 -2.335 1.044 0.005 1.085 -0.319
0.274 1.602 4.586 -2.366 1.043 0.005 1.089 -0.312
0.282 1.625 4.575 -2.397 1.043 0.005 1.093 -0.305
0.291 1.648 4.562 -2.428 1.043 0.005 1.097 -0.298
0.299 1.671 4.550 -2.459 1.043 0.005 1.102 -0.291
0.308 1.693 4.538 -2.490 1.042 0.005 1.106 -0.283
0.316 1.716 4.525 -2.521 1.042 0.005 1.110 -0.276
0.325 1.739 4.512 -2.552 1.042 0.005 1.115 -0.268
0.334 1.761 4.499 -2.584 1.042 0.005 1.119 -0.261
0.343 1.784 4.486 -2.615 1.041 0.005 1.124 -0.253
0.352 1.806 4.473 -2.646 1.041 0.005 1.128 -0.245
0.361 1.828 4.460 -2.678 1.041 0.005 1.133 -0.238
0.370 1.851 4.446 -2.710 1.040 0.005 1.137 -0.230
0.379 1.873 4.432 -2.742 1.040 0.005 1.142 -0.221
0.389 1.895 4.419 -2.774 1.040 0.005 1.147 -0.213
0.398 1.917 4.404 -2.807 1.039 0.005 1.152 -0.205
0.408 1.939 4.390 -2.839 1.039 0.005 1.157 -0.197
0.418 1.961 4.376 -2.872 1.038 0.005 1.162 -0.188
0.428 1.982 4.361 -2.904 1.038 0.005 1.167 -0.180
0.438 2.004 4.347 -2.940 1.038 0.005 1.172 -0.171
0.448 2.026 4.332 -2.971 1.037 0.005 1.177 -0.162
0.458 2.047 4.317 -3.007 1.037 0.005 1.182 -0.154
0.469 2.069 4.302 -3.041 1.036 0.005 1.187 -0.145
0.479 2.090 4.286 -3.075 1.036 0.005 1.193 -0.136
0.490 2.112 4.271 -3.112 1.035 0.005 1.198 -0.127
0.500 2.133 4.255 -3.146 1.035 0.005 1.204 -0.117
0.511 2.154 4.239 -3.184 1.034 0.005 1.209 -0.108
0.522 2.175 4.223 -3.220 1.034 0.005 1.215 -0.099
0.533 2.196 4.207 -3.258 1.033 0.005 1.220 -0.089
0.544 2.217 4.190 -3.295 1.032 0.005 1.226 -0.080
0.555 2.238 4.173 -3.334 1.032 0.005 1.232 -0.070
0.566 2.259 4.157 -3.371 1.031 0.005 1.238 -0.061
0.578 2.280 4.140 -3.412 1.030 0.005 1.243 -0.051
0.589 2.300 4.122 -3.451 1.030 0.005 1.249 -0.041
0.601 2.321 4.105 -3.492 1.029 0.005 1.255 -0.031
0.613 2.341 4.087 -3.535 1.028 0.005 1.261 -0.021
0.624 2.362 4.069 -3.576 1.028 0.005 1.267 -0.011
0.636 2.382 4.051 -3.619 1.027 0.005 1.274 -0.001
0.648 2.402 4.033 -3.663 1.026 0.005 1.280 0.010
0.660 2.422 4.014 -3.707 1.025 0.005 1.286 0.020
0.673 2.442 3.996 -3.752 1.024 0.005 1.292 0.030
0.685 2.462 3.977 -3.797 1.024 0.005 1.299 0.041
0.697 2.482 3.957 -3.844 1.023 0.005 1.305 0.052
0.710 2.501 3.938 -3.892 1.022 0.005 1.312 0.062
0.722 2.521 3.918 -3.940 1.021 0.005 1.318 0.073
0.735 2.540 3.898 -3.989 1.020 0.005 1.325 0.084
0.748 2.560 3.878 -4.039 1.019 0.005 1.332 0.095
0.761 2.579 3.858 -4.090 1.018 0.005 1.339 0.106
0.774 2.598 3.837 -4.142 1.017 0.005 1.345 0.117
0.787 2.617 3.816 -4.195 1.016 0.005 1.352 0.128
0.800 2.636 3.795 -4.249 1.015 0.005 1.359 0.139
0.813 2.655 3.773 -4.305 1.014 0.005 1.366 0.150
0.827 2.674 3.751 -4.360 1.012 0.005 1.373 0.162
0.840 2.693 3.729 -4.417 1.011 0.005 1.380 0.173
0.854 2.711 3.707 -4.475 1.010 0.005 1.388 0.185
0.867 2.730 3.684 -4.533 1.009 0.005 1.395 0.196
0.881 2.748 3.661 -4.595 1.008 0.005 1.402 0.208
0.895 2.766 3.638 -4.655 1.006 0.005 1.410 0.219
0.909 2.784 3.614 -4.716 1.005 0.005 1.417 0.231
0.923 2.802 3.591 -4.781 1.004 0.005 1.425 0.243
0.937 2.820 3.566 -4.844 1.002 0.005 1.432 0.255
0.951 2.838 3.542 -4.909 1.001 0.005 1.440 0.267
0.965 2.855 3.517 -4.976 0.999 0.005 1.448 0.279
0.980 2.873 3.492 -5.043 0.998 0.005 1.455 0.291
0.994 2.890 3.466 -5.113 0.996 0.005 1.463 0.303
1.009 2.907 3.440 -5.180 0.995 0.005 1.471 0.315
1.023 2.924 3.414 -5.252 0.993 0.005 1.479 0.328
1.038 2.941 3.387 -5.324 0.992 0.005 1.487 0.340
1.053 2.958 3.360 -5.395 0.990 0.005 1.495 0.352
1.068 2.975 3.333 -5.469 0.988 0.005 1.503 0.365
1.083 2.991 3.305 -5.544 0.986 0.005 1.512 0.377
1.098 3.008 3.277 -5.617 0.985 0.005 1.520 0.390
1.113 3.024 3.249 -5.696 0.983 0.005 1.528 0.402
1.128 3.040 3.220 -5.772 0.981 0.005 1.537 0.415
1.143 3.056 3.191 -5.850 0.979 0.005 1.545 0.428
1.159 3.072 3.161 -5.927 0.977 0.005 1.554 0.440
1.174 3.087 3.131 -6.009 0.975 0.005 1.562 0.453
1.190 3.103 3.100 -6.086 0.973 0.005 1.571 0.466
1.205 3.118 3.070 -6.169 0.971 0.005 1.580 0.479
1.221 3.133 3.038 -6.248 0.969 0.005 1.589 0.492
1.237 3.148 3.007 -6.330 0.967 0.005 1.598 0.505
1.253 3.163 2.975 -6.411 0.964 0.005 1.607 0.518
1.268 3.178 2.942 -6.493 0.962 0.005 1.616 0.531
1.284 3.193 2.909 -6.575 0.960 0.005 1.625 0.544
1.300 3.207 2.876 -6.656 0.958 0.005 1.634 0.557
1.317 3.221 2.842 -6.737 0.955 0.005 1.643 0.570
1.333 3.235 2.808 -6.821 0.953 0.005 1.653 0.583
1.349 3.249 2.774 -6.900 0.950 0.005 1.662 0.597
1.365 3.263 2.739 -6.979 0.948 0.005 1.672 0.610
1.382 3.276 2.704 -7.059 0.945 0.005 1.681 0.623
1.398 3.290 2.668 -7.138 0.942 0.005 1.691 0.636
1.415 3.303 2.632 -7.215 0.940 0.005 1.701 0.650
1.431 3.316 2.595 -7.289 0.937 0.005 1.711 0.663
1.448 3.329 2.559 -7.366 0.934 0.005 1.720 0.677
1.465 3.341 2.521 -7.434 0.931 0.005 1.730 0.690
1.481 3.354 2.484 -7.508 0.928 0.005 1.740 0.703
1.498 3.366 2.446 -7.573 0.925 0.005 1.750 0.717
1.515 3.378 2.408 -7.637 0.922 0.005 1.761 0.730
1.532 3.390 2.369 -7.701 0.919 0.005 1.771 0.744
1.549 3.401 2.331 -7.757 0.916 0.005 1.781 0.757
1.566 3.413 2.291 -7.814 0.913 0.005 1.792 0.771
1.583 3.424 2.252 -7.862 0.909 0.005 1.802 0.784
1.600 3.435 2.213 -7.908 0.906 0.005 1.813 0.798
1.618 3.446 2.173 -7.949 0.903 0.005 1.823 0.811
1.635 3.457 2.133 -7.983 0.899 0.005 1.834 0.825
1.652 3.467 2.093 -8.014 0.895 0.005 1.845 0.839
1.670 3.477 2.053 -8.034 0.892 0.005 1.856 0.852
1.687 3.487 2.012 -8.052 0.888 0.005 1.867 0.866
1.705 3.497 1.972 -8.059 0.884 0.005 1.878 0.879
1.722 3.507 1.932 -8.057 0.881 0.005 1.889 0.893
1.740 3.516 1.892 -8.052 0.877 0.005 1.900 0.906
1.757 3.526 1.851 -8.030 0.873 0.005 1.912 0.920
1.775 3.535 1.811 -8.003 0.869 0.005 1.923 0.933
1.793 3.544 1.772 -7.964 0.864 0.005 1.934 0.947
1.810 3.552 1.732 -7.910 0.860 0.005 1.946 0.960
1.828 3.561 1.693 -7.852 0.856 0.005 1.958 0.974
1.846 3.569 1.654 -7.773 0.852 0.005 1.969 0.987
1.864 3.577 1.616 -7.683 0.847 0.005 1.981 1.001
1.882 3.585 1.578 -7.579 0.843 0.005 1.993 1.014
1.900 3.593 1.540 -7.457 0.838 0.005 2.005 1.027
1.918 3.600 1.504 -7.322 0.833 0.005 2.017 1.041
1.936 3.608 1.468 -7.165 0.829 0.005 2.029 1.054
1.954 3.615 1.433 -6.995 0.824 0.005 2.041 1.067
1.972 3.622 1.399 -6.801 0.819 0.005 2.054 1.081
1.990 3.629 1.366 -6.589 0.814 0.005 2.066 1.094
2.008 3.635 1.334 -6.356 0.809 0.005 2.079 1.107
2.027 3.641 1.209 -25.134 0.804 0.005 2.091 1.120
2.045 3.646 0.991 -43.558 0.799 0.005 2.104 1.133
2.063 3.650 0.777 -42.726 0.793 0.005 2.117 1.146
2.081 3.653 0.568 -41.869 0.788 0.005 2.130 1.159
2.100 3.655 0.363 -40.994 0.782 0.005 2.143 1.172
2.118 3.656 0.162 -40.094 0.777 0.005 2.156 1.185
2.136 3.655 -0.034 -39.179 0.771 0.005 2.169 1.198
2.154 3.654 -0.225 -38.243 0.765 0.005 2.182 1.211
2.173 3.652 -0.411 -37.294 0.760 0.005 2.195 1.223
2.191 3.649 -0.593 -36.331 0.754 0.005 2.208 1.236
2.209 3.645 -0.770 -35.357 0.748 0.005 2.222 1.248
2.227 3.641 -0.942 -34.375 0.742 0.005 2.235 1.260
2.246 3.635 -1.108 -33.386 0.736 0.005 2.248 1.273
2.264 3.629 -1.270 -32.396 0.730 0.005 2.262 1.285
2.282 3.622 -1.427 -31.405 0.723 0.005 2.275 1.297
2.300 3.614 -1.580 -30.417 0.717 0.005 2.289 1.309
2.318 3.605 -1.727 -29.435 0.711 0.005 2.303 1.321
2.336 3.596 -1.869 -28.464 0.704 0.005 2.316 1.332
2.354 3.586 -2.007 -27.507 0.698 0.005 2.330 1.344
2.372 3.575 -2.139 -26.565 0.692 0.005 2.344 1.355
2.389 3.564 -2.179 -7.852 0.685 0.005 2.357 1.367
2.407 3.553 -2.126 10.577 0.678 0.005 2.371 1.378
2.425 3.543 -2.071 11.045 0.672 0.005 2.385 1.389
2.443 3.533 -2.013 11.513 0.665 0.005 2.399 1.400
2.460 3.523 -1.953 11.976 0.658 0.005 2.413 1.411
2.478 3.514 -1.891 12.439 0.652 0.005 2.427 1.421
2.495 3.505 -1.826 12.894 0.645 0.005 2.441 1.432
2.513 3.496 -1.760 13.346 0.638 0.005 2.455 1.442
2.530 3.487 -1.691 13.788 0.631 0.005 2.469 1.453
2.548 3.479 -1.620 14.222 0.624 0.005 2.483 1.463
2.565 3.472 -1.546 14.647 0.617 0.005 2.497 1.473
2.582 3.464 -1.471 15.059 0.610 0.005 2.511 1.483
2.600 3.457 -1.394 15.460 0.603 0.005 2.525 1.493
2.617 3.451 -1.315 15.847 0.596 0.005 2.540 1.503
2.634 3.445 -1.234 16.217 0.589 0.005 2.554 1.512
2.651 3.439 -1.151 16.572 0.582 0.005 2.568 1.522
2.668 3.433 -1.066 16.909 0.575 0.005 2.583 1.531
2.686 3.429 -0.980 17.226 0.568 0.005 2.597 1.540
2.703 3.424 -0.892 17.525 0.561 0.005 2.612 1.550
2.720 3.420 -0.803 17.802 0.553 0.005 2.626 1.559
2.737 3.417 -0.713 18.057 0.546 0.005 2.641 1.568
2.754 3.413 -0.622 18.288 0.539 0.005 2.655 1.576
2.771 3.411 -0.529 18.497 0.532 0.005 2.670 1.585
2.788 3.409 -0.436 18.680 0.524 0.005 2.685 1.594
2.805 3.407 -0.342 18.837 0.517 0.005 2.699 1.602
2.822 3.406 -0.247 18.969 0.510 0.005 2.714 1.610
2.839 3.405 -0.151 19.074 0.503 0.005 2.729 1.619
2.856 3.405 -0.056 19.152 0.495 0.005 2.744 1.627
2.873 3.405 0.040 19.203 0.488 0.005 2.759 1.635
2.890 3.406 0.137 19.226 0.481 0.005 2.774 1.643
2.907 3.407 0.233 19.221 0.474 0.005 2.789 1.651
2.924 3.408 0.329 19.188 0.466 0.005 2.804 1.658
2.941 3.410 0.424 19.129 0.459 0.005 2.820 1.666
2.958 3.413 0.519 19.041 0.452 0.005 2.835 1.674
2.976 3.416 0.614 18.926 0.445 0.005 2.850 1.681
2.993 3.420 0.708 18.785 0.438 0.005 2.866 1.688
3.010 3.424 0.801 18.617 0.430 0.005 2.881 1.695
3.027 3.428 0.893 18.424 0.423 0.005 2.897 1.703
3.044 3.433 0.984 18.206 0.416 0.005 2.913 1.710
3.061 3.438 1.074 17.963 0.409 0.005 2.928 1.716
3.078 3.444 1.163 17.698 0.402 0.005 2.944 1.723
3.096 3.450 1.250 17.410 0.395 0.005 2.960 1.730
3.113 3.457 1.335 17.101 0.388 0.005 2.976 1.736
3.130 3.464 1.419 16.771 0.381 0.005 2.992 1.743
3.148 3.472 1.501 16.422 0.374 0.005 3.008 1.749
3.165 3.480 1.581 16.055 0.367 0.005 3.025 1.756
3.182 3.488 1.660 15.672 0.360 0.005 3.041 1.762
3.200 3.497 1.736 15.273 0.353 0.005 3.057 1.768
3.218 3.506 1.810 14.859 0.347 0.005 3.074 1.774
3.235 3.515 1.883 14.433 0.340 0.005 3.090 1.780
3.253 3.525 1.952 13.995 0.333 0.005 3.107 1.786
3.270 3.535 2.020 13.547 0.326 0.005 3.124 1.791
3.288 3.545 2.086 13.089 0.320 0.005 3.140 1.797
3.306 3.556 2.149 12.624 0.313 0.005 3.157 1.803
3.324 3.567 2.210 12.153 0.307 0.005 3.174 1.808
3.342 3.579 2.268 11.676 0.300 0.005 3.191 1.813
3.360 3.590 2.324 11.195 0.294 0.005 3.209 1.819
3.378 3.602 2.377 10.712 0.287 0.005 3.226 1.824
3.396 3.614 2.429 10.227 0.281 0.005 3.243 1.829
3.414 3.627 2.477 9.742 0.275 0.005 3.261 1.834
3.432 3.639 2.524 9.257 0.269 0.005 3.278 1.839
3.450 3.652 2.567 8.775 0.263 0.005 3.296 1.844
3.469 3.665 2.609 8.294 0.257 0.005 3.313 1.848
3.487 3.678 2.648 7.818 0.251 0.005 3.331 1.853
3.505 3.692 2.685 7.346 0.245 0.005 3.349 1.857
3.524 3.705 2.719 6.880 0.239 0.005 3.367 1.862
3.543 3.719 2.751 6.420 0.233 0.005 3.385 1.866
3.561 3.733 2.781 5.967 0.227 0.005 3.403 1.870
3.580 3.747 2.809 5.521 0.221 0.005 3.422 1.875
3.599 3.761 2.834 5.084 0.216 0.005 3.440 1.879
3.618 3.775 2.857 4.656 0.210 0.005 3.458 1.883
3.637 3.790 2.879 4.236 0.205 0.005 3.477 1.887
3.656 3.804 2.898 3.828 0.199 0.005 3.496 1.890
3.675 3.819 2.915 3.428 0.194 0.005 3.514 1.894
3.694 3.834 2.930 3.039 0.189 0.005 3.533 1.898
3.713 3.848 2.943 2.662 0.183 0.005 3.552 1.901
3.732 3.863 2.955 2.295 0.178 0.005 3.571 1.905
3.752 3.878 2.965 1.940 0.173 0.005 3.590 1.908
3.771 3.893 2.973 1.596 0.168 0.005 3.609 1.911
3.791 3.908 2.979 1.263 0.163 0.005 3.629 1.915
3.810 3.923 2.984 0.943 0.158 0.005 3.648 1.918
3.830 3.938 2.987 0.633 0.153 0.005 3.667 1.921
3.850 3.952 2.988 0.336 0.149 0.005 3.687 1.924
3.870 3.967 2.989 0.050 0.144 0.005 3.707 1.927
3.890 3.982 2.988 -0.224 0.139 0.005 3.726 1.930
3.910 3.997 2.985 -0.487 0.135 0.005 3.746 1.932
3.930 4.012 2.981 -0.739 0.130 0.005 3.766 1.935
3.950 4.027 2.977 -0.978 0.126 0.005 3.786 1.937
3.970 4.042 2.970 -1.208 0.121 0.005 3.806 1.940
3.990 4.057 2.963 -1.425 0.117 0.005 3.826 1.942
4.011 4.071 2.955 -1.634 0.113 0.005 3.846 1.945
4.031 4.086 2.946 -1.831 0.109 0.005 3.867 1.947
4.052 4.101 2.936 -2.018 0.105 0.005 3.887 1.949
4.072 4.116 2.925 -2.195 0.101 0.005 3.908 1.951
4.093 4.130 2.913 -2.362 0.097 0.005 3.928 1.953
4.114 4.145 2.901 -2.519 0.093 0.005 3.949 1.955
4.134 4.159 2.887 -2.669 0.089 0.005 3.969 1.957
4.155 4.173 2.873 -2.807 0.085 0.005 3.990 1.959
4.176 4.188 2.858 -2.940 0.081 0.005 4.011 1.961
4.197 4.202 2.843 -3.061 0.078 0.005 4.032 1.962
4.218 4.216 2.827 -3.177 0.074 0.005 4.053 1.964
4.239 4.230 2.811 -3.283 0.071 0.005 4.074 1.965
4.261 4.244 2.794 -3.382 0.067 0.005 4.095 1.967
4.282 4.258 2.777 -3.475 0.064 0.005 4.117 1.968
4.303 4.272 2.759 -3.559 0.061 0.005 4.138 1.970
4.325 4.285 2.741 -3.638 0.057 0.005 4.159 1.971
4.346 4.299 2.722 -3.710 0.054 0.005 4.181 1.972
4.368 4.313 2.703 -3.776 0.051 0.005 4.202 1.973
4.389 4.326 2.684 -3.836 0.048 0.005 4.224 1.974
4.411 4.339 2.665 -3.891 0.045 0.005 4.246 1.975
4.433 4.353 2.645 -3.941 0.042 0.005 4.267 1.976
4.455 4.366 2.625 -3.985 0.039 0.005 4.289 1.977
4.477 4.379 2.605 -4.025 0.036 0.005 4.311 1.978
4.499 4.392 2.584 -4.060 0.034 0.005 4.333 1.979
4.521 4.404 2.564 -4.092 0.031 0.005 4.355 1.979
4.543 4.417 2.543 -4.118 0.028 0.005 4.377 1.980
4.565 4.430 2.523 -4.142 0.026 0.005 4.399 1.981
4.587 4.442 2.502 -4.160 0.023 0.005 4.421 1.981
4.609 4.455 2.481 -4.178 0.021 0.005 4.444 1.982
4.632 4.467 2.460 -4.190 0.018 0.005 4.466 1.982
4.654 4.479 2.439 -4.201 0.016 0.005 4.488 1.983
4.676 4.491 2.418 -4.208 0.013 0.005 4.511 1.983
4.699 4.503 2.397 -4.214 0.011 0.005 4.533 1.983
4.722 4.515 2.376 -4.216 0.009 0.005 4.556 1.983
4.744 4.527 2.355 -4.217 0.007 0.005 4.579 1.984
4.767 4.539 2.334 -4.216 0.005 0.005 4.601 1.984
4.790 4.550 2.313 -4.212 0.003 0.005 4.624 1.984
4.812 4.562 2.292 -4.208 0.001 0.005 4.647 1.984
4.835 4.573 2.271 -4.201 6.282 0.005 4.670 1.984
4.858 4.584 2.250 -4.193 6.280 0.005 4.693 1.984
4.881 4.595 2.229 -4.185 6.278 0.005 4.716 1.984
4.904 4.606 2.208 -4.174 6.276 0.005 4.739 1.984
4.927 4.617 2.187 -4.164 6.275 0.005 4.762 1.983
4.950 4.628 2.166 -4.152 6.273 0.005 4.785 1.983
4.974 4.639 2.146 -4.140 6.271 0.005 4.808 1.983
4.997 4.649 2.125 -4.127 6.270 0.005 4.831 1.983
5.020 4.660 2.104 -4.114 6.268 0.005 4.855 1.982
5.044 4.670 2.084 -4.101 6.267 0.005 4.878 1.982
5.067 4.681 2.063 -4.086 6.265 0.005 4.901 1.981
5.090 4.691 2.043 -4.073 6.264 0.005 4.925 1.981
5.114 4.701 2.023 -4.059 6.262 0.005 4.948 1.981
5.137 4.711 2.003 -4.045 6.261 0.005 4.972 1.980
5.161 4.721 1.982 -4.032 6.260 0.005 4.995 1.980
5.185 4.731 1.962 -4.018 6.259 0.005 5.019 1.979
5.208 4.741 1.942 -4.006 6.257 0.005 5.043 1.978
5.232 4.750 1.922 -3.993 6.256 0.005 5.066 1.978
5.256 4.760 1.902 -3.982 6.255 0.005 5.090 1.977
5.280 4.769 1.883 -3.970 6.254 0.005 5.114 1.976
5.304 4.778 1.863 -3.960 6.253 0.005 5.138 1.976
5.328 4.788 1.843 -3.950 6.252 0.005 5.162 1.975
5.352 4.797 1.823 -3.941 6.251 0.005 5.186 1.974
5.376 4.806 1.804 -3.932 6.250 0.005 5.210 1.973
5.400 4.815 1.784 -3.926 6.250 0.005 5.234 1.973
5.424 4.823 1.764 -3.919 6.249 0.005 5.258 1.972
5.448 4.832 1.745 -3.914 6.248 0.005 5.282 1.971
5.472 4.841 1.725 -3.910 6.247 0.005 5.306 1.970
5.496 4.849 1.706 -3.907 6.247 0.005 5.331 1.969
5.521 4.858 1.686 -3.905 6.246 0.005 5.355 1.968
5.545 4.866 1.667 -3.904 6.245 0.005 5.379 1.967
5.569 4.874 1.647 -3.905 6.245 0.005 5.404 1.966
5.594 4.882 1.628 -3.907 6.244 0.005 5.428 1.966
5.618 4.891 1.608 -3.910 6.244 0.005 5.452 1.965
5.643 4.898 1.589 -3.915 6.243 0.005 5.477 1.964
5.667 4.906 1.569 -3.922 6.243 0.005 5.501 1.963
5.692 4.914 1.549 -3.929 6.242 0.005 5.526 1.962
5.717 4.922 1.530 -3.938 6.242 0.005 5.550 1.961
5.741 4.929 1.510 -3.950 6.242 0.005 5.575 1.960
5.766 4.937 1.490 -3.962 6.241 0.005 5.600 1.959
5.791 4.944 1.470 -3.976 6.241 0.005 5.624 1.958
5.815 4.951 1.450 -3.991 6.241 0.005 5.649 1.957
5.840 4.958 1.430 -4.009 6.241 0.005 5.674 1.955
5.865 4.966 1.410 -4.028 6.241 0.005 5.699 1.954
5.890 4.972 1.390 -4.049 6.241 0.005 5.724 1.953
5.915 4.979 1.369 -4.071 6.240 0.005 5.749 1.952
5.940 4.986 1.349 -4.095 6.240 0.005 5.773 1.951
5.965 4.993 1.328 -4.121 6.240 0.005 5.798 1.950
5.990 4.999 1.308 -4.149 6.240 0.005 5.823 1.949
6.015 5.006 1.287 -4.179 6.240 0.005 5.848 1.948
6.040 5.012 1.266 -4.210 6.240 0.005 5.873 1.947
6.065 5.018 1.244 -4.244 6.240 0.005 5.898 1.946
6.090 5.024 1.223 -4.279 6.241 0.005 5.924 1.945
6.115 5.030 1.201 -4.316 6.241 0.005 5.949 1.944
6.140 5.036 1.180 -4.355 6.241 0.005 5.974 1.943
6.165 5.042 1.158 -4.396 6.241 0.005 5.999 1.942
6.191 5.048 1.135 -4.438 6.241 0.005 6.024 1.941
6.216 5.053 1.113 -4.483 6.242 0.005 6.049 1.939
6.241 5.059 1.090 -4.529 6.242 0.005 6.075 1.938
6.267 5.064 1.068 -4.577 6.242 0.005 6.100 1.937
6.292 5.069 1.044 -4.628 6.242 0.005 6.125 1.936
6.317 5.074 1.021 -4.680 6.243 0.005 6.151 1.935
6.343 5.079 0.997 -4.734 6.243 0.005 6.176 1.934
6.368 5.084 0.973 -4.790 6.244 0.005 6.201 1.933
6.394 5.089 0.949 -4.848 6.244 0.005 6.227 1.932
6.419 5.094 0.925 -4.907 6.244 0.005 6.252 1.931
6.444 5.098 0.900 -4.969 6.245 0.005 6.278 1.930
6.470 5.102 0.875 -5.032 6.245 0.005 6.303 1.929
6.496 5.107 0.849 -5.097 6.246 0.005 6.329 1.928
6.521 5.111 0.823 -5.164 6.246 0.005 6.354 1.927
6.547 5.115 0.797 -5.233 6.247 0.005 6.380 1.926
6.572 5.119 0.771 -5.304 6.247 0.005 6.406 1.926
6.598 5.122 0.744 -5.376 6.248 0.005 6.431 1.925
6.623 5.126 0.716 -5.450 6.248 0.005 6.457 1.924
6.649 5.129 0.689 -5.526 6.249 0.005 6.482 1.923
6.675 5.133 0.661 -5.603 6.250 0.005 6.508 1.922
6.700 5.136 0.632 -5.682 6.250 0.005 6.534 1.921
6.726 5.139 0.604 -5.763 6.251 0.005 6.559 1.920
6.752 5.142 0.574 -5.844 6.252 0.005 6.585 1.919
6.778 5.144 0.545 -5.928 6.252 0.005 6.611 1.919
6.803 5.147 0.515 -6.013 6.253 0.005 6.636 1.918
6.829 5.149 0.484 -6.100 6.254 0.005 6.662 1.917
6.855 5.152 0.453 -6.187 6.254 0.005 6.688 1.916
6.881 5.154 0.422 -6.277 6.255 0.005 6.714 1.916
6.906 5.156 0.390 -6.367 6.256 0.005 6.739 1.915
6.932 5.158 0.358 -6.459 6.256 0.005 6.765 1.914
6.958 5.159 0.325 -6.551 6.257 0.005 6.791 1.914
6.984 5.161 0.292 -6.645 6.258 0.005 6.817 1.913
7.010 5.162 0.258 -6.740 6.259 0.005 6.843 1.912
7.035 5.163 0.224 -6.836 6.259 0.005 6.868 1.912
7.061 5.164 0.189 -6.933 6.260 0.005 6.894 1.911
7.087 5.165 0.154 -7.030 6.261 0.005 6.920 1.910
7.113 5.165 0.118 -7.129 6.262 0.005 6.946 1.910
7.139 5.166 0.082 -7.228 6.262 0.005 6.972 1.909
7.165 5.166 0.046 -7.327 6.263 0.005 6.998 1.909
7.190 5.166 0.008 -7.428 6.264 0.005 7.023 1.908
7.216 5.166 -0.029 -7.528 6.265 0.005 7.049 1.908
7.242 5.166 -0.067 -7.629 6.265 0.005 7.075 1.907
7.268 5.165 -0.106 -7.730 6.266 0.005 7.101 1.907
7.294 5.164 -0.145 -7.831 6.267 0.005 7.127 1.906
7.319 5.163 -0.185 -7.932 6.268 0.005 7.152 1.906
7.345 5.162 -0.225 -8.033 6.268 0.005 7.178 1.906
7.371 5.161 -0.266 -8.134 6.269 0.005 7.204 1.905
7.397 5.159 -0.307 -8.235 6.270 0.005 7.230 1.905
7.423 5.158 -0.348 -8.336 6.270 0.005 7.256 1.905
7.448 5.156 -0.391 -8.435 6.271 0.005 7.281 1.904
7.474 5.154 -0.433 -8.534 6.272 0.005 7.307 1.904
7.500 5.151 -0.476 -8.633 6.273 0.005 7.333 1.904
7.526 5.149 -0.520 -8.730 6.273 0.005 7.359 1.903
7.551 5.146 -0.564 -8.827 6.274 0.005 7.384 1.903
7.577 5.143 -0.609 -8.922 6.275 0.005 7.410 1.903
7.603 5.139 -0.654 -9.017 6.275 0.005 7.436 1.903
7.629 5.136 -0.699 -9.109 6.276 0.005 7.462 1.902
7.654 5.132 -0.745 -9.201 6.276 0.005 7.487 1.902
7.680 5.128 -0.792 -9.290 6.277 0.005 7.513 1.902
7.705 5.124 -0.839 -9.378 6.278 0.005 7.538 1.902
7.731 5.120 -0.886 -9.464 6.278 0.005 7.564 1.902
7.757 5.115 -0.934 -9.547 6.279 0.005 7.590 1.902
7.782 5.110 -0.982 -9.629 6.279 0.005 7.615 1.902
7.808 5.105 -1.031 -9.708 6.280 0.005 7.641 1.901
7.833 5.100 -1.079 -9.785 6.280 0.005 7.666 1.901
7.859 5.094 -1.129 -9.858 6.280 0.005 7.692 1.901
7.884 5.088 -1.178 -9.929 6.281 0.005 7.717 1.901
7.910 5.082 -1.228 -9.997 6.281 0.005 7.743 1.901
7.935 5.075 -1.279 -10.061 6.282 0.005 7.768 1.901
7.960 5.069 -1.329 -10.122 6.282 0.005 7.793 1.901
7.986 5.062 -1.380 -10.179 6.282 0.005 7.819 1.901
8.011 5.055 -1.431 -10.233 6.282 0.005 7.844 1.901
8.036 5.047 -1.483 -10.282 6.283 0.005 7.869 1.901
8.061 5.040 -1.534 -10.327 6.283 0.005 7.894 1.901
8.086 5.032 -1.586 -10.368 6.283 0.005 7.919 1.901
8.112 5.024 -1.638 -10.404 6.283 0.005 7.945 1.901
8.137 5.015 -1.690 -10.436 6.283 0.005 7.970 1.901
8.162 5.006 -1.743 -10.462 6.283 0.005 7.995 1.901
8.187 5.000 -1.233 101.909 0.000 0.005 8.020 1.901
8.212 5.000 -0.041 238.377 0.000 0.005 8.045 1.901
8.237 5.000 0.000 8.271 0.000 0.005 8.070 1.901
8.262 5.000 -0.000 -0.000 0.000 0.005 8.095 1.901
8.287 5.000 0.000 0.000 0.000 0.005 8.120 1.901
8.312 5.000 0.000 -0.000 0.000 0.005 8.145 1.901
8.337 5.000 -0.000 -0.000 0.000 0.005 8.170 1.901
8.362 5.000 0.000 0.000 0.000 0.005 8.195 1.901
8.387 5.000 -0.000 -0.000 0.000 0.005 8.220 1.901
8.412 5.000 0.000 0.000 0.000 0.005 8.245 1.901
8.437 5.000 -0.000 -0.000 0.000 0.005 8.270 1.901
8.462 5.000 -0.000 0.000 0.000 0.005 8.295 1.901
8.487 5.000 0.000 0.000 0.000 0.005 8.320 1.901
8.512 5.000 0.000 -0.000 0.000 0.005 8.345 1.901
8.537 5.000 -0.000 -0.000 0.000 0.005 8.370 1.901
8.562 5.000 0.000 0.000 0.000 0.005 8.395 1.901
8.587 5.000 0.000 -0.000 0.000 0.005 8.420 1.901
8.612 5.000 -0.000 -0.000 0.000 0.005 8.445 1.901
8.637 5.000 0.000 0.000 0.000 0.005 8.470 1.901
8.662 5.000 0.000 -0.000 0.000 0.005 8.495 1.901
8.687 5.000 0.000 0.000 0.000 0.005 8.520 1.901
8.712 5.000 0.000 -0.000 0.000 0.005 8.545 1.901
8.737 5.000 -0.000 -0.000 0.000 0.005 8.570 1.901
8.762 5.000 0.000 0.000 0.000 0.005 8.595 1.901
8.787 5.000 -0.000 -0.000 0.000 0.005 8.620 1.901
8.812 5.000 0.000 0.000 0.000 0.005 8.645 1.901
8.837 5.000 0.000 0.000 0.000 0.005 8.670 1.901
8.862 5.000 -0.000 -0.000 0.000 0.005 8.695 1.901
8.887 5.000 0.000 0.000 0.000 0.005 8.720 1.901
8.912 5.000 -0.000 -0.000 0.000 0.005 8.745 1.901
8.937 5.000 0.000 0.000 0.000 0.005 8.770 1.901
8.962 5.000 -0.000 -0.000 0.000 0.005 8.795 1.901
8.987 5.000 0.000 0.000 0.000 0.005 8.820 1.901
9.012 5.000 -0.000 -0.000 0.000 0.005 8.845 1.901
9.037 5.000 0.000 0.000 0.000 0.005 8.870 1.901
9.062 5.000 -0.000 -0.000 0.000 0.005 8.895 1.901
9.087 5.000 0.000 0.000 0.000 0.005 8.920 1.901
9.112 5.000 0.000 0.000 0.000 0.005 8.945 1.901
9.137 5.000 -0.000 -0.000 0.000 0.005 8.970 1.901
9.162 5.000 0.000 0.000 0.000 0.005 8.995 1.901
9.187 5.000 -0.000 -0.000 0.000 0.005 9.020 1.901
9.212 5.000 -0.000 0.000 0.000 0.005 9.045 1.901
9.237 5.000 0.000 0.000 0.000 0.005 9.070 1.901
9.262 5.000 0.000 0.000 0.000 0.005 9.095 1.901
9.287 5.000 0.000 0.000 0.000 0.005 9.120 1.901
9.312 5.000 0.000 0.000 0.000 0.005 9.145 1.901
9.337 5.000 -0.000 -0.000 0.000 0.005 9.170 1.901
9.362 5.000 0.000 0.000 0.000 0.005 9.195 1.901
9.387 5.000 0.000 -0.000 0.000 0.005 9.220 1.901
9.412 5.000 0.000 0.000 0.000 0.005 9.245 1.901
9.437 5.000 0.000 0.000 0.000 0.005 9.270 1.901
9.462 5.000 0.000 0.000 0.000 0.005 9.295 1.901
9.487 5.000 0.000 0.000 0.000 0.005 9.320 1.901
9.512 5.000 0.000 0.000 0.000 0.005 9.345 1.901
9.537 5.000 0.000 0.000 0.000 0.005 9.370 1.901
9.562 5.000 0.000 0.000 0.000 0.005 9.395 1.901
9.587 5.000 0.000 0.000 0.000 0.005 9.420 1.901
9.612 5.000 0.000 0.000 0.000 0.005 9.445 1.901
9.637 5.000 0.000 0.000 0.000 0.005 9.470 1.901
9.662 5.000 -0.000 -0.000 0.000 0.005 9.495 1.901
9.687 5.000 0.000 0.000 0.000 0.005 9.520 1.901
9.712 5.000 0.000 -0.000 0.000 0.005 9.545 1.901
9.737 5.000 0.000 0.000 0.000 0.005 9.570 1.901
9.762 5.000 0.000 0.000 0.000 0.005 9.595 1.901
9.787 5.000 0.000 0.000 0.000 0.005 9.620 1.901
9.812 5.000 0.000 0.000 0.000 0.005 9.645 1.901
9.837 5.000 0.000 0.000 0.000 0.005 9.670 1.901
9.862 5.000 0.000 0.000 0.000 0.005 9.695 1.901
9.887 5.000 0.000 0.000 0.000 0.005 9.720 1.901
9.912 5.000 0.000 0.000 0.000 0.005 9.745 1.901
9.937 5.000 0.000 0.000 0.000 0.005 9.770 1.901
9.962 5.000 0.000 0.000 0.000 0.005 9.795 1.901
9.987 5.000 -0.000 -0.000 0.000 0.005 9.820 1.901
10.012 5.000 0.000 0.000 0.000 0.005 9.845 1.901
10.037 5.000 0.000 -0.000 0.000 0.005 9.870 1.901
10.062 5.000 0.000 0.000 0.000 0.005 9.895 1.901
10.087 5.000 0.000 0.000 0.000 0.005 9.920 1.901
10.112 5.000 0.000 0.000 0.000 0.005 9.945 1.901
10.137 5.000 0.000 0.000 0.000 0.005 9.970 1.901
10.162 5.000 0.000 0.000 0.000 0.005 9.995 1.901
10.187 5.000 0.000 0.000 0.000 0.005 10.020 1.901
10.212 5.000 0.000 0.000 0.000 0.005 10.045 1.901
10.237 5.000 0.000 0.000 0.000 0.005 10.070 1.901
10.262 5.000 0.000 0.000 0.000 0.005 10.095 1.901
10.287 5.000 0.000 0.000 0.000 0.005 10.120 1.901
10.312 5.000 -0.000 -0.000 0.000 0.005 10.145 1.901
10.337 5.000 0.000 0.000 0.000 0.005 10.170 1.901
10.362 5.000 -0.000 -0.000 0.000 0.005 10.195 1.901
10.387 5.000 0.000 0.000 0.000 0.005 10.220 1.901
10.412 5.000 0.000 -0.000 0.000 0.005 10.245 1.901
10.437 5.000 0.000 0.000 0.000 0.005 10.270 1.901
10.462 5.000 0.000 0.000 0.000 0.005 10.295 1.901
10.487 5.000 0.000 0.000 0.000 0.005 10.320 1.901
10.512 5.000 0.000 0.000 0.000 0.005 10.345 1.901
10.537 5.000 0.000 0.000 0.000 0.005 10.370 1.901
10.562 5.000 0.000 0.000 0.000 0.005 10.395 1.901
10.587 5.000 0.000 0.000 0.000 0.005 10.420 1.901
10.612 5.000 0.000 0.000 0.000 0.005 10.445 1.901
10.637 5.000 -0.000 -0.000 0.000 0.005 10.470 1.901
10.662 5.000 0.000 0.000 0.000 0.005 10.495 1.901
10.687 5.000 -0.000 -0.000 0.000 0.005 10.520 1.901
10.712 5.000 0.000 0.000 0.000 0.005 10.545 1.901
10.737 5.000 0.000 -0.000 0.000 0.005 10.570 1.901
10.762 5.000 0.000 0.000 0.000 0.005 10.595 1.901
10.787 5.000 0.000 0.000 0.000 0.005 10.620 1.901
10.812 5.000 0.000 0.000 0.000 0.005 10.645 1.901
10.837 5.000 0.000 0.000 0.000 0.005 10.670 1.901
10.862 5.000 0.000 0.000 0.000 0.005 10.695 1.901
10.887 5.000 0.000 0.000 0.000 0.005 10.720 1.901
10.912 5.000 0.000 0.000 0.000 0.005 10.745 1.901
10.937 5.000 0.000 0.000 0.000 0.005 10.770 1.901
10.962 5.000 -0.000 -0.000 0.000 0.005 10.795 1.901
10.987 5.000 0.000 0.000 0.000 0.005 10.820 1.901
11.012 5.000 -0.000 -0.000 0.000 0.005 10.845 1.901
11.037 5.000 0.000 0.000 0.000 0.005 10.870 1.901
11.062 5.000 0.000 -0.000 0.000 0.005 10.895 1.901
11.087 5.000 0.000 0.000 0.000 0.005 10.920 1.901
11.112 5.000 0.000 0.000 0.000 0.005 10.945 1.901
11.137 5.000 0.000 0.000 0.000 0.005 10.970 1.901
11.162 5.000 0.000 0.000 0.000 0.005 10.995 1.901
11.187 5.000 0.000 0.000 0.000 0.005 11.020 1.901
11.212 5.000 0.000 0.000 0.000 0.005 11.045 1.901
11.237 5.000 0.000 0.000 0.000 0.005 11.070 1.901
11.262 5.000 0.000 0.000 0.000 0.005 11.095 1.901
11.287 5.000 -0.000 -0.000 0.000 0.005 11.120 1.901
11.312 5.000 0.000 0.000 0.000 0.005 11.145 1.901
11.337 5.000 -0.000 -0.000 0.000 0.005 11.170 1.901
11.362 5.000 0.000 0.000 0.000 0.005 11.195 1.901
11.387 5.000 0.000 -0.000 0.000 0.005 11.220 1.901
11.412 5.000 0.000 0.000 0.000 0.005 11.245 1.901
11.437 5.000 0.000 0.000 0.000 0.005 11.270 1.901
11.462 5.000 0.000 0.000 0.000 0.005 11.295 1.901
11.487 5.000 0.000 0.000 0.000 0.005 11.320 1.901
11.512 5.000 0.000 0.000 0.000 0.005 11.345 1.901
11.537 5.000 0.000 0.000 0.000 0.005 11.370 1.901
11.562 5.000 0.000 0.000 0.000 0.005 11.395 1.901
11.587 5.000 0.000 0.000 0.000 0.005 11.420 1.901
11.612 5.000 -0.000 -0.000 0.000 0.005 11.445 1.901
11.637 5.000 0.000 0.000 0.000 0.005 11.470 1.901
11.662 5.000 -0.000 -0.000 0.000 0.005 11.495 1.901
11.687 5.000 0.000 0.000 0.000 0.005 11.520 1.901
11.712 5.000 -0.000 -0.000 0.000 0.005 11.545 1.901
11.737 5.000 0.000 0.000 0.000 0.005 11.570 1.901
11.762 5.000 0.000 -0.000 0.000 0.005 11.595 1.901
11.787 5.000 0.000 0.000 0.000 0.005 11.620 1.901
11.812 5.000 0.000 0.000 0.000 0.005 11.645 1.901
11.837 5.000 0.000 0.000 0.000 0.005 11.670 1.901
11.862 5.000 0.000 0.000 0.000 0.005 11.695 1.901
11.887 5.000 0.000 0.000 0.000 0.005 11.720 1.901
11.912 5.000 0.000 0.000 0.000 0.005 11.745 1.901
11.937 5.000 0.000 0.000 0.000 0.005 11.770 1.901
11.962 5.000 0.000 0.000 0.000 0.005 11.795 1.901
11.987 5.000 -0.000 -0.000 0.000 0.005 11.820 1.901
12.012 5.000 0.000 0.000 0.000 0.005 11.845 1.901
12.037 5.000 -0.000 -0.000 0.000 0.005 11.870 1.901
12.062 5.000 0.000 0.000 0.000 0.005 11.895 1.901
12.087 5.000 0.000 -0.000 0.000 0.005 11.920 1.901
12.112 5.000 0.000 0.000 0.000 0.005 11.945 1.901
12.137 5.000 0.000 0.000 0.000 0.005 11.970 1.901
12.162 5.000 0.000 0.000 0.000 0.005 11.995 1.901
12.187 5.000 0.000 0.000 0.000 0.005 12.020 1.901
12.212 5.000 0.000 -0.000 0.000 0.005 12.045 1.901
12.237 5.000 0.000 -0.000 0.000 0.005 12.070 1.901
12.262 5.000 -0.000 -0.000 0.000 0.005 12.095 1.901
12.287 5.000 0.000 0.000 0.000 0.005 12.120 1.901
12.312 5.000 -0.000 -0.000 0.000 0.005 12.145 1.901
12.337 5.000 0.000 0.000 0.000 0.005 12.170 1.901
12.362 5.000 0.000 0.000 0.000 0.005 12.195 1.901
12.387 5.000 0.000 0.000 0.000 0.005 12.220 1.901
12.412 5.000 0.000 0.000 0.000 0.005 12.245 1.901
12.437 5.000 0.000 0.000 0.000 0.005 12.270 1.901
12.462 5.000 0.000 0.000 0.000 0.005 12.295 1.901
12.487 5.000 0.000 0.000 0.000 0.005 12.320 1.901
12.512 5.000 0.000 0.000 0.000 0.005 12.345 1.901
12.537 5.000 0.000 0.000 0.000 0.005 12.370 1.901
12.562 5.000 0.000 0.000 0.000 0.005 12.395 1.901
12.587 5.000 -0.000 -0.000 0.000 0.005 12.420 1.901
12.612 5.000 0.000 0.000 0.000 0.005 12.445 1.901
12.637 5.000 -0.000 -0.000 0.000 0.005 12.470 1.901
12.662 5.000 0.000 0.000 0.000 0.005 12.495 1.901
12.687 5.000 -0.000 -0.000 0.000 0.005 12.520 1.901
12.712 5.000 0.000 0.000 0.000 0.005 12.545 1.901
12.737 5.000 -0.000 -0.000 0.000 0.005 12.570 1.901
12.762 5.000 0.000 0.000 0.000 0.005 12.595 1.901
12.787 5.000 -0.000 -0.000 0.000 0.005 12.620 1.901
12.812 5.000 0.000 0.000 0.000 0.005 12.645 1.901
12.837 5.000 -0.000 -0.000 0.000 0.005 12.670 1.901
12.862 5.000 0.000 0.000 0.000 0.005 12.695 1.901
12.887 5.000 -0.000 -0.000 0.000 0.005 12.720 1.901
12.912 5.000 0.000 0.000 0.000 0.005 12.745 1.901
12.937 5.000 0.000 0.000 0.000 0.005 12.770 1.901
12.962 5.000 0.000 0.000 0.000 0.005 12.795 1.901
12.987 5.000 0.000 0.000 0.000 0.005 12.820 1.901
13.012 5.000 0.000 0.000 0.000 0.005 12.845 1.901
13.037 5.000 0.000 0.000 0.000 0.005 12.870 1.901
13.062 5.000 0.000 0.000 0.000 0.005 12.895 1.901
13.087 5.000 0.000 0.000 0.000 0.005 12.920 1.901
13.112 5.000 0.000 0.000 0.000 0.005 12.945 1.901
13.137 5.000 0.000 0.000 0.000 0.005 12.970 1.901
13.162 5.000 -0.000 -0.000 0.000 0.005 12.995 1.901
13.187 5.000 0.000 0.000 0.000 0.005 13.020 1.901
13.212 5.000 -0.000 -0.000 0.000 0.005 13.045 1.901
13.237 5.000 0.000 0.000 0.000 0.005 13.070 1.901
13.262 5.000 -0.000 -0.000 0.000 0.005 13.095 1.901
13.287 5.000 0.000 0.000 0.000 0.005 13.120 1.901
13.312 5.000 -0.000 -0.000 0.000 0.005 13.145 1.901
13.337 5.000 0.000 0.000 0.000 0.005 13.170 1.901
13.362 5.000 0.000 0.000 0.000 0.005 13.195 1.901
13.387 5.000 0.000 0.000 0.000 0.005 13.220 1.901
13.412 5.000 0.000 0.000 0.000 0.005 13.245 1.901
13.437 5.000 -0.036 -7.145 0.000 0.005 13.270 1.901
13.462 4.999 -0.196 -32.145 0.000 0.005 13.295 1.901
13.487 4.997 -0.446 -50.000 0.000 0.005 13.320 1.901
13.512 4.993 -0.696 -50.000 0.000 0.005 13.345 1.901
13.537 4.988 -0.946 -50.000 0.000 0.005 13.370 1.901
13.561 4.982 -1.196 -50.000 0.000 0.005 13.394 1.901
13.586 4.975 -1.446 -50.000 0.000 0.005 13.419 1.901
13.611 4.967 -1.696 -50.000 0.000 0.005 13.444 1.901
13.636 4.957 -1.946 -50.000 0.000 0.005 13.469 1.901
13.661 4.946 -2.196 -50.000 0.000 0.005 13.494 1.901
13.685 4.934 -2.446 -50.000 0.000 0.005 13.518 1.901
13.710 4.920 -2.696 -50.000 0.000 0.005 13.543 1.901
13.734 4.906 -2.946 -50.000 0.000 0.005 13.567 1.901
13.759 4.890 -3.196 -50.000 0.000 0.005 13.592 1.901
13.783 4.872 -3.446 -50.000 0.000 0.005 13.616 1.901
13.808 4.854 -3.696 -50.000 0.000 0.005 13.641 1.901
13.832 4.834 -3.946 -50.000 0.000 0.005 13.665 1.901
13.856 4.813 -4.196 -50.000 0.000 0.005 13.689 1.901
13.880 4.791 -4.446 -50.000 0.000 0.005 13.713 1.901
13.904 4.767 -4.696 -50.000 0.000 0.005 13.737 1.901
13.927 4.743 -4.911 -42.855 0.000 0.005 13.760 1.901
13.951 4.718 -5.000 -17.855 0.000 0.005 13.784 1.901
13.974 4.693 -5.000 0.000 0.000 0.005 13.807 1.901
13.998 4.668 -5.000 0.000 0.000 0.005 13.831 1.901
14.021 4.643 -5.000 -0.000 0.000 0.005 13.854 1.901
14.044 4.618 -5.000 0.000 0.000 0.005 13.877 1.901
14.067 4.593 -5.000 0.000 0.000 0.005 13.900 1.901
14.090 4.568 -5.000 -0.000 0.000 0.005 13.923 1.901
14.113 4.543 -5.000 0.000 0.000 0.005 13.945 1.901
14.135 4.518 -5.000 -0.000 0.000 0.005 13.968 1.901
14.158 4.493 -5.000 0.000 0.000 0.005 13.991 1.901
14.180 4.468 -5.000 -0.000 0.000 0.005 14.013 1.901
14.202 4.443 -5.000 0.000 0.000 0.005 14.035 1.901
14.224 4.418 -5.000 -0.000 0.000 0.005 14.057 1.901
14.246 4.393 -5.000 0.000 0.000 0.005 14.079 1.901
14.268 4.368 -5.000 -0.000 0.000 0.005 14.101 1.901
14.290 4.343 -5.000 -0.000 0.000 0.005 14.123 1.901
14.311 4.318 -5.000 0.000 0.000 0.005 14.144 1.901
14.333 4.293 -5.000 0.000 0.000 0.005 14.166 1.901
14.354 4.268 -5.000 -0.000 0.000 0.005 14.187 1.901
14.375 4.243 -5.000 0.000 0.000 0.005 14.208 1.901
14.396 4.218 -5.000 0.000 0.000 0.005 14.229 1.901
14.417 4.193 -5.000 -0.000 0.000 0.005 14.250 1.901
14.438 4.168 -5.000 0.000 0.000 0.005 14.271 1.901
14.459 4.143 -5.000 -0.000 0.000 0.005 14.292 1.901
14.480 4.118 -5.000 0.000 0.000 0.005 14.313 1.901
14.500 4.093 -5.000 -0.000 0.000 0.005 14.333 1.901
14.520 4.068 -5.000 0.000 0.000 0.005 14.353 1.901
14.541 4.043 -5.000 -0.000 0.000 0.005 14.374 1.901
14.561 4.018 -5.000 0.000 0.000 0.005 14.394 1.901
14.581 3.993 -5.000 -0.000 0.000 0.005 14.414 1.901
14.600 3.968 -5.000 0.000 0.000 0.005 14.433 1.901
14.620 3.943 -5.000 -0.000 0.000 0.005 14.453 1.901
14.640 3.918 -5.000 0.000 0.000 0.005 14.473 1.901
14.659 3.893 -5.000 -0.000 0.000 0.005 14.492 1.901
14.679 3.868 -5.000 0.000 0.000 0.005 14.512 1.901
14.698 3.843 -5.000 0.000 0.000 0.005 14.531 1.901
14.717 3.818 -5.000 -0.000 0.000 0.005 14.550 1.901
14.736 3.793 -5.000 0.000 0.000 0.005 14.569 1.901
14.755 3.768 -5.000 -0.000 0.000 0.005 14.588 1.901
14.773 3.743 -5.000 0.000 0.000 0.005 14.606 1.901
14.792 3.718 -5.000 -0.000 0.000 0.005 14.625 1.901
14.810 3.693 -5.000 0.000 0.000 0.005 14.643 1.901
14.829 3.668 -5.000 -0.000 0.000 0.005 14.662 1.901
14.847 3.643 -5.000 0.000 0.000 0.005 14.680 1.901
14.865 3.618 -5.000 -0.000 0.000 0.005 14.698 1.901
14.883 3.593 -5.000 0.000 0.000 0.005 14.716 1.901
14.901 3.568 -5.000 -0.000 0.000 0.005 14.734 1.901
14.919 3.543 -5.000 0.000 0.000 0.005 14.752 1.901
14.936 3.518 -5.000 -0.000 0.000 0.005 14.769 1.901
14.954 3.493 -5.000 0.000 0.000 0.005 14.787 1.901
14.971 3.468 -5.000 -0.000 0.000 0.005 14.804 1.901
14.988 3.443 -5.000 0.000 0.000 0.005 14.821 1.901
15.005 3.418 -5.000 -0.000 0.000 0.005 14.838 1.901
15.022 3.393 -5.000 -0.000 0.000 0.005 14.855 1.901
15.039 3.368 -5.000 0.000 0.000 0.005 14.872 1.901
15.056 3.343 -5.000 0.000 0.000 0.005 14.889 1.901
15.072 3.318 -5.000 0.000 0.000 0.005 14.905 1.901
15.089 3.293 -5.000 0.000 0.000 0.005 14.922 1.901
15.105 3.268 -5.000 -0.000 0.000 0.005 14.938 1.901
15.121 3.243 -5.000 -0.000 0.000 0.005 14.954 1.901
15.138 3.218 -5.000 0.000 0.000 0.005 14.970 1.901
15.153 3.193 -5.000 0.000 0.000 0.005 14.986 1.901
15.169 3.168 -5.000 -0.000 0.000 0.005 15.002 1.901
15.185 3.143 -5.000 0.000 0.000 0.005 15.018 1.901
15.201 3.118 -5.000 -0.000 0.000 0.005 15.034 1.901
15.216 3.093 -5.000 0.000 0.000 0.005 15.049 1.901
15.231 3.068 -5.000 -0.000 0.000 0.005 15.064 1.901
15.247 3.043 -5.000 0.000 0.000 0.005 15.080 1.901
15.262 3.018 -5.000 -0.000 0.000 0.005 15.095 1.901
15.277 2.993 -5.000 0.000 0.000 0.005 15.110 1.901
15.292 2.968 -5.000 -0.000 0.000 0.005 15.124 1.901
15.306 2.943 -5.000 0.000 0.000 0.005 15.139 1.901
15.321 2.918 -5.000 -0.000 0.000 0.005 15.154 1.901
15.335 2.893 -5.000 0.000 0.000 0.005 15.168 1.901
15.350 2.868 -5.000 0.000 0.000 0.005 15.183 1.901
15.364 2.843 -5.000 0.000 0.000 0.005 15.197 1.901
15.378 2.818 -5.000 -0.000 0.000 0.005 15.211 1.901
15.392 2.793 -5.000 0.000 0.000 0.005 15.225 1.901
15.406 2.768 -5.000 0.000 0.000 0.005 15.239 1.901
15.419 2.743 -5.000 -0.000 0.000 0.005 15.252 1.901
15.433 2.718 -5.000 0.000 0.000 0.005 15.266 1.901
15.447 2.693 -5.000 0.000 0.000 0.005 15.279 1.901
15.460 2.668 -5.000 -0.000 0.000 0.005 15.293 1.901
15.473 2.643 -5.000 0.000 0.000 0.005 15.306 1.901
15.486 2.618 -5.000 0.000 0.000 0.005 15.319 1.901
15.499 2.593 -5.000 -0.000 0.000 0.005 15.332 1.901
15.512 2.568 -5.000 0.000 0.000 0.005 15.345 1.901
15.525 2.543 -5.000 0.000 0.000 0.005 15.358 1.901
15.537 2.518 -5.000 -0.000 0.000 0.005 15.370 1.901
15.550 2.493 -5.000 0.000 0.000 0.005 15.383 1.901
15.562 2.468 -5.000 0.000 0.000 0.005 15.395 1.901
15.574 2.443 -5.000 0.000 0.000 0.005 15.407 1.901
15.586 2.418 -5.000 -0.000 0.000 0.005 15.419 1.901
15.598 2.393 -5.000 0.000 0.000 0.005 15.431 1.901
15.610 2.368 -5.000 -0.000 0.000 0.005 15.443 1.901
15.622 2.343 -5.000 -0.000 0.000 0.005 15.455 1.901
15.633 2.318 -5.000 0.000 0.000 0.005 15.466 1.901
15.645 2.293 -5.000 0.000 0.000 0.005 15.478 1.901
15.656 2.268 -5.000 0.000 0.000 0.005 15.489 1.901
15.667 2.243 -5.000 -0.000 0.000 0.005 15.500 1.901
15.679 2.218 -5.000 0.000 0.000 0.005 15.512 1.901
15.690 2.193 -5.000 0.000 0.000 0.005 15.523 1.901
15.700 2.168 -5.000 -0.000 0.000 0.005 15.533 1.901
15.711 2.143 -5.000 0.000 0.000 0.005 15.544 1.901
15.722 2.118 -5.000 -0.000 0.000 0.005 15.555 1.901
15.732 2.093 -5.000 0.000 0.000 0.005 15.565 1.901
15.742 2.068 -5.000 -0.000 0.000 0.005 15.575 1.901
15.753 2.043 -5.000 0.000 0.000 0.005 15.586 1.901
15.763 2.018 -5.000 0.000 0.000 0.005 15.596 1.901
15.773 1.993 -5.000 0.000 0.000 0.005 15.606 1.901
15.783 1.968 -5.000 -0.000 0.000 0.005 15.616 1.901
15.792 1.943 -5.000 0.000 0.000 0.005 15.625 1.901
15.802 1.918 -5.000 -0.000 0.000 0.005 15.635 1.901
15.811 1.893 -5.000 0.000 0.000 0.005 15.644 1.901
15.821 1.868 -5.000 -0.000 0.000 0.005 15.654 1.901
15.830 1.843 -5.000 0.000 0.000 0.005 15.663 1.901
15.839 1.818 -5.000 -0.000 0.000 0.005 15.672 1.901
15.848 1.793 -5.000 0.000 0.000 0.005 15.681 1.901
15.857 1.768 -5.000 0.000 0.000 0.005 15.690 1.901
15.866 1.743 -5.000 -0.000 0.000 0.005 15.698 1.901
15.874 1.718 -5.000 0.000 0.000 0.005 15.707 1.901
15.883 1.693 -5.000 0.000 0.000 0.005 15.716 1.901
15.891 1.668 -5.000 -0.000 0.000 0.005 15.724 1.901
15.899 1.643 -5.000 0.000 0.000 0.005 15.732 1.901
15.907 1.618 -5.000 -0.000 0.000 0.005 15.740 1.901
15.915 1.593 -5.000 0.000 0.000 0.005 15.748 1.901
15.923 1.568 -5.000 -0.000 0.000 0.005 15.756 1.901
15.931 1.543 -5.000 0.000 0.000 0.005 15.764 1.901
15.938 1.518 -5.000 -0.000 0.000 0.005 15.771 1.901
15.946 1.493 -5.000 0.000 0.000 0.005 15.779 1.901
15.953 1.468 -5.000 -0.000 0.000 0.005 15.786 1.901
15.960 1.443 -5.000 0.000 0.000 0.005 15.793 1.901
15.967 1.418 -5.000 0.000 0.000 0.005 15.800 1.901
15.974 1.393 -5.000 -0.000 0.000 0.005 15.807 1.901
15.981 1.368 -5.000 0.000 0.000 0.005 15.814 1.901
15.988 1.343 -5.000 0.000 0.000 0.005 15.821 1.901
15.995 1.318 -5.000 -0.000 0.000 0.005 15.828 1.901
16.001 1.293 -5.000 0.000 0.000 0.005 15.834 1.901
16.007 1.268 -5.000 0.000 0.000 0.005 15.840 1.901
16.014 1.243 -5.000 -0.000 0.000 0.005 15.847 1.901
16.020 1.218 -5.000 0.000 0.000 0.005 15.853 1.901
16.026 1.193 -5.000 0.000 0.000 0.005 15.859 1.901
16.031 1.168 -5.000 -0.000 0.000 0.005 15.864 1.901
16.037 1.143 -5.000 0.000 0.000 0.005 15.870 1.901
16.043 1.118 -5.000 -0.000 0.000 0.005 15.876 1.901
16.048 1.093 -5.000 0.000 0.000 0.005 15.881 1.901
16.054 1.068 -5.000 0.000 0.000 0.005 15.887 1.901
16.059 1.043 -5.000 0.000 0.000 0.005 15.892 1.901
16.064 1.018 -5.000 0.000 0.000 0.005 15.897 1.901
16.069 0.993 -5.000 -0.000 0.000 0.005 15.902 1.901
16.074 0.968 -5.000 0.000 0.000 0.005 15.907 1.901
16.078 0.943 -5.000 -0.000 0.000 0.005 15.911 1.901
16.083 0.918 -5.000 0.000 0.000 0.005 15.916 1.901
16.087 0.893 -5.000 0.000 0.000 0.005 15.920 1.901
16.092 0.868 -5.000 0.000 0.000 0.005 15.925 1.901
16.096 0.843 -5.000 -0.000 0.000 0.005 15.929 1.901
16.100 0.818 -5.000 0.000 0.000 0.005 15.933 1.901
16.104 0.793 -5.000 0.000 0.000 0.005 15.937 1.901
16.108 0.768 -5.000 0.000 0.000 0.005 15.941 1.901
16.112 0.743 -5.000 0.000 0.000 0.005 15.945 1.901
16.115 0.718 -5.000 -0.000 0.000 0.005 15.948 1.901
16.119 0.693 -5.000 0.000 0.000 0.005 15.952 1.901
16.122 0.668 -5.000 0.000 0.000 0.005 15.955 1.901
16.125 0.643 -5.000 -0.000 0.000 0.005 15.958 1.901
16.128 0.618 -5.000 0.000 0.000 0.005 15.961 1.901
16.131 0.593 -5.000 -0.000 0.000 0.005 15.964 1.901
16.134 0.568 -5.000 0.000 0.000 0.005 15.967 1.901
16.137 0.543 -5.000 -0.000 0.000 0.005 15.970 1.901
16.139 0.518 -5.000 0.000 0.000 0.005 15.972 1.901
16.142 0.493 -5.000 -0.000 0.000 0.005 15.975 1.901
16.144 0.468 -5.000 0.000 0.000 0.005 15.977 1.901
16.146 0.443 -5.000 -0.000 0.000 0.005 15.979 1.901
16.149 0.418 -5.000 -0.000 0.000 0.005 15.981 1.901
16.150 0.393 -5.000 0.000 0.000 0.005 15.983 1.901
16.152 0.368 -5.000 -0.000 0.000 0.005 15.985 1.901
16.154 0.343 -5.000 0.000 0.000 0.005 15.987 1.901
16.156 0.318 -5.000 0.000 0.000 0.005 15.989 1.901
16.157 0.293 -5.000 -0.000 0.000 0.005 15.990 1.901
16.158 0.268 -5.000 0.000 0.000 0.005 15.991 1.901
16.160 0.243 -4.964 7.145 0.000 0.005 15.993 1.901
16.161 0.219 -4.804 32.145 0.000 0.005 15.994 1.901
16.162 0.196 -4.554 50.000 0.000 0.005 15.995 1.901
16.163 0.175 -4.304 50.000 0.000 0.005 15.996 1.901
16.163 0.154 -4.054 50.000 0.000 0.005 15.996 1.901
16.164 0.135 -3.804 50.000 0.000 0.005 15.997 1.901
16.165 0.118 -3.554 50.000 0.000 0.005 15.998 1.901
16.165 0.101 -3.304 50.000 0.000 0.005 15.998 1.901
16.166 0.086 -3.054 50.000 0.000 0.005 15.999 1.901
16.166 0.072 -2.804 50.000 0.000 0.005 15.999 1.901
16.166 0.059 -2.554 50.000 0.000 0.005 15.999 1.901
16.166 0.048 -2.304 50.000 0.000 0.005 15.999 1.901
16.167 0.037 -2.054 50.000 0.000 0.005 16.000 1.901
16.167 0.028 -1.804 50.000 0.000 0.005 16.000 1.901
16.167 0.021 -1.554 50.000 0.000 0.005 16.000 1.901
16.167 0.014 -1.304 50.000 0.000 0.005 16.000 1.901
16.167 0.009 -1.054 50.000 0.000 0.005 16.000 1.901
16.167 0.005 -0.804 50.000 0.000 0.005 16.000 1.901
16.167 0.002 -0.554 50.000 0.000 0.005 16.000 1.901
16.167 0.000 -0.304 50.000 0.000 0.005 16.000 1.901
16.167 0.000 -0.089 42.855 0.000 0.005 16.000 1.901
