RedBoilerVision
152
0.000 0.020 1.000 50.000 0.000 0.020 0.000 1.099
0.001 0.040 1.000 -0.000 0.000 0.020 0.001 1.099
0.003 0.090 2.500 74.998 0.000 0.020 0.003 1.099
0.006 0.160 3.500 49.994 0.000 0.020 0.006 1.099
0.011 0.250 4.500 49.985 0.000 0.020 0.011 1.099
0.018 0.350 4.999 24.974 0.000 0.020 0.018 1.099
0.027 0.450 4.998 -0.036 0.000 0.020 0.027 1.099
0.038 0.550 4.997 -0.049 0.000 0.020 0.038 1.099
0.051 0.650 4.996 -0.062 0.000 0.020 0.051 1.099
0.066 0.750 4.995 -0.078 0.000 0.020 0.066 1.099
0.083 0.850 4.993 -0.096 0.000 0.020 0.083 1.099
0.102 0.949 4.990 -0.116 0.000 0.020 0.102 1.099
0.123 1.049 4.988 -0.138 0.000 0.020 0.123 1.099
0.146 1.149 4.984 -0.164 0.000 0.020 0.146 1.099
0.171 1.248 4.980 -0.193 0.000 0.020 0.171 1.099
0.198 1.348 4.976 -0.225 0.000 0.020 0.198 1.099
0.227 1.447 4.971 -0.261 0.000 0.020 0.227 1.099
0.258 1.547 4.965 -0.301 0.000 0.020 0.258 1.099
0.291 1.646 4.958 -0.345 0.000 0.020 0.291 1.099
0.326 1.745 4.950 -0.393 0.000 0.020 0.326 1.099
0.362 1.844 4.941 -0.446 0.001 0.020 0.362 1.099
0.401 1.942 4.931 -0.504 0.001 0.020 0.401 1.099
0.442 2.041 4.920 -0.566 0.001 0.020 0.442 1.099
0.485 2.139 4.907 -0.633 0.001 0.020 0.485 1.099
0.530 2.237 4.893 -0.706 0.001 0.020 0.530 1.099
0.576 2.334 4.877 -0.783 0.002 0.020 0.576 1.099
0.625 2.431 4.860 -0.866 0.002 0.020 0.625 1.099
0.675 2.528 4.841 -0.954 0.002 0.020 0.675 1.099
0.728 2.625 4.820 -1.048 0.003 0.020 0.728 1.100
0.782 2.720 4.797 -1.148 0.003 0.020 0.782 1.100
0.839 2.816 4.772 -1.253 0.004 0.020 0.839 1.100
0.897 2.911 4.744 -1.364 0.005 0.020 0.897 1.100
0.957 3.005 4.715 -1.482 0.005 0.020 0.957 1.100
1.019 3.099 4.683 -1.606 0.006 0.020 1.019 1.101
1.083 3.192 4.648 -1.736 0.007 0.020 1.083 1.101
1.148 3.284 4.611 -1.873 0.009 0.020 1.148 1.102
1.216 3.375 4.570 -2.017 0.010 0.020 1.216 1.102
1.285 3.466 4.527 -2.169 0.012 0.020 1.285 1.103
1.356 3.555 4.480 -2.329 0.013 0.020 1.356 1.104
1.429 3.644 4.430 -2.496 0.015 0.020 1.429 1.105
1.504 3.732 4.377 -2.673 0.017 0.020 1.504 1.106
1.580 3.818 4.320 -2.859 0.020 0.020 1.580 1.108
1.658 3.903 4.259 -3.054 0.022 0.020 1.658 1.109
1.738 3.987 4.193 -3.260 0.025 0.020 1.738 1.111
1.819 4.070 4.124 -3.478 0.029 0.020 1.819 1.114
1.902 4.151 4.050 -3.706 0.032 0.020 1.902 1.116
1.987 4.230 3.971 -3.947 0.036 0.020 1.987 1.119
2.073 4.308 3.887 -4.200 0.041 0.020 2.073 1.122
2.161 4.384 3.797 -4.466 0.046 0.020 2.161 1.126
2.250 4.458 3.703 -4.744 0.051 0.020 2.250 1.130
2.340 4.520 3.136 -28.326 0.057 0.020 2.340 1.135
2.432 4.563 2.110 -51.313 0.063 0.020 2.431 1.141
2.523 4.585 1.098 -50.571 0.070 0.020 2.522 1.147
2.615 4.587 0.104 -49.722 0.077 0.020 2.614 1.153
2.707 4.569 -0.871 -48.766 0.085 0.020 2.705 1.161
2.797 4.542 -1.373 -25.072 0.093 0.020 2.795 1.169
2.888 4.513 -1.413 -1.999 0.102 0.020 2.885 1.178
2.977 4.484 -1.452 -1.957 0.112 0.020 2.975 1.187
3.066 4.455 -1.490 -1.897 0.122 0.020 3.063 1.198
3.155 4.424 -1.526 -1.817 0.132 0.020 3.151 1.209
3.243 4.393 -1.561 -1.714 0.143 0.020 3.238 1.221
3.330 4.361 -1.592 -1.584 0.155 0.020 3.324 1.234
3.417 4.329 -1.621 -1.423 0.167 0.020 3.410 1.248
3.502 4.296 -1.645 -1.227 0.180 0.020 3.494 1.263
3.588 4.262 -1.665 -0.994 0.193 0.020 3.578 1.278
3.672 4.229 -1.679 -0.719 0.207 0.020 3.661 1.295
3.756 4.195 -1.687 -0.400 0.222 0.020 3.743 1.313
3.839 4.161 -1.688 -0.034 0.237 0.020 3.824 1.332
3.922 4.128 -1.681 0.380 0.253 0.020 3.904 1.352
4.004 4.094 -1.664 0.843 0.269 0.020 3.983 1.373
4.085 4.062 -1.637 1.354 0.287 0.020 4.061 1.395
4.166 4.030 -1.598 1.910 0.304 0.020 4.138 1.419
4.246 3.999 -1.548 2.506 0.322 0.020 4.214 1.443
4.325 3.969 -1.486 3.136 0.341 0.020 4.289 1.469
4.404 3.941 -1.410 3.792 0.360 0.020 4.363 1.496
4.482 3.914 -1.320 4.462 0.380 0.020 4.436 1.525
4.560 3.890 -1.218 5.133 0.400 0.020 4.508 1.554
4.637 3.868 -1.102 5.790 0.421 0.020 4.579 1.585
4.714 3.849 -0.974 6.418 0.442 0.020 4.649 1.617
4.791 3.832 -0.834 6.999 0.463 0.020 4.718 1.651
4.867 3.818 -0.683 7.517 0.485 0.020 4.786 1.686
4.943 3.808 -0.524 7.957 0.506 0.020 4.853 1.722
5.019 3.801 -0.358 8.305 0.528 0.020 4.919 1.760
5.095 3.797 -0.187 8.550 0.550 0.020 4.984 1.799
5.171 3.797 -0.013 8.683 0.572 0.020 5.049 1.839
5.247 3.800 0.161 8.701 0.594 0.020 5.112 1.881
5.323 3.806 0.333 8.603 0.616 0.020 5.175 1.924
5.400 3.816 0.501 8.395 0.637 0.020 5.236 1.969
5.476 3.830 0.662 8.084 0.658 0.020 5.298 2.015
5.553 3.846 0.816 7.682 0.679 0.020 5.358 2.063
5.631 3.865 0.960 7.202 0.700 0.020 5.418 2.112
5.708 3.887 1.093 6.661 0.720 0.020 5.476 2.163
5.787 3.911 1.215 6.074 0.740 0.020 5.535 2.215
5.865 3.938 1.324 5.460 0.759 0.020 5.592 2.269
5.945 3.966 1.420 4.833 0.778 0.020 5.649 2.324
6.025 3.996 1.505 4.210 0.797 0.020 5.706 2.380
6.105 4.021 1.254 -12.539 0.814 0.020 5.762 2.438
6.186 4.033 0.573 -34.034 0.831 0.020 5.816 2.497
6.266 4.028 -0.226 -39.959 0.847 0.020 5.870 2.557
6.346 4.007 -1.063 -41.864 0.863 0.020 5.923 2.618
6.426 3.968 -1.937 -43.710 0.877 0.020 5.974 2.679
6.504 3.918 -2.510 -28.643 0.891 0.020 6.024 2.739
6.581 3.865 -2.680 -8.507 0.904 0.020 6.072 2.800
6.658 3.809 -2.771 -4.512 0.916 0.020 6.119 2.860
6.733 3.752 -2.863 -4.617 0.927 0.020 6.164 2.920
6.806 3.693 -2.956 -4.658 0.938 0.020 6.208 2.979
6.879 3.632 -3.049 -4.647 0.947 0.020 6.251 3.038
6.951 3.569 -3.141 -4.597 0.957 0.020 6.292 3.096
7.021 3.504 -3.231 -4.516 0.965 0.020 6.332 3.153
7.089 3.438 -3.320 -4.413 0.973 0.020 6.371 3.210
7.157 3.370 -3.406 -4.294 0.980 0.020 6.409 3.266
7.223 3.300 -3.489 -4.166 0.987 0.020 6.445 3.321
7.287 3.229 -3.569 -4.031 0.993 0.020 6.481 3.375
7.350 3.156 -3.647 -3.894 0.999 0.020 6.515 3.428
7.412 3.081 -3.722 -3.756 1.004 0.020 6.548 3.480
7.472 3.005 -3.795 -3.620 1.009 0.020 6.580 3.530
7.531 2.928 -3.865 -3.488 1.013 0.020 6.612 3.580
7.588 2.849 -3.932 -3.359 1.017 0.020 6.642 3.628
7.643 2.770 -3.997 -3.235 1.021 0.020 6.671 3.676
7.697 2.688 -4.059 -3.116 1.024 0.020 6.699 3.721
7.749 2.606 -4.119 -3.002 1.027 0.020 6.726 3.766
7.799 2.522 -4.177 -2.893 1.030 0.020 6.752 3.809
7.848 2.438 -4.233 -2.788 1.032 0.020 6.777 3.851
7.895 2.352 -4.286 -2.687 1.035 0.020 6.801 3.891
7.941 2.265 -4.338 -2.589 1.037 0.020 6.824 3.930
7.984 2.178 -4.388 -2.495 1.038 0.020 6.846 3.968
8.026 2.089 -4.436 -2.403 1.040 0.020 6.867 4.004
8.066 1.999 -4.482 -2.312 1.041 0.020 6.888 4.038
8.104 1.909 -4.527 -2.223 1.042 0.020 6.907 4.071
8.140 1.817 -4.569 -2.134 1.043 0.020 6.925 4.103
8.175 1.725 -4.610 -2.046 1.044 0.020 6.942 4.133
8.208 1.632 -4.649 -1.956 1.045 0.020 6.959 4.161
8.238 1.538 -4.687 -1.866 1.045 0.020 6.974 4.187
8.267 1.444 -4.722 -1.774 1.046 0.020 6.989 4.212
8.294 1.349 -4.756 -1.680 1.046 0.020 7.002 4.236
8.319 1.253 -4.788 -1.583 1.046 0.020 7.015 4.257
8.342 1.157 -4.817 -1.485 1.047 0.020 7.026 4.277
8.364 1.060 -4.845 -1.383 1.047 0.020 7.037 4.296
8.383 0.962 -4.870 -1.278 1.047 0.020 7.047 4.312
8.400 0.864 -4.894 -1.170 1.047 0.020 7.055 4.327
8.415 0.766 -4.915 -1.060 1.047 0.020 7.063 4.341
8.429 0.668 -4.934 -0.946 1.047 0.020 7.070 4.352
8.440 0.568 -4.951 -0.830 1.047 0.020 7.075 4.362
8.449 0.469 -4.965 -0.711 1.047 0.020 7.080 4.370
8.457 0.370 -4.977 -0.590 1.047 0.020 7.084 4.377
8.462 0.270 -4.986 -0.467 1.047 0.020 7.086 4.381
8.466 0.178 -4.594 19.610 1.047 0.020 7.088 4.384
8.468 0.104 -3.699 44.744 1.047 0.020 7.089 4.386
8.469 0.050 -2.701 49.900 1.047 0.020 7.090 4.387
8.469 0.016 -1.702 49.965 1.047 0.020 7.090 4.387
8.469 0.002 -0.702 49.992 1.047 0.020 7.090 4.387
8.469 0.000 -0.101 30.041 1.047 0.020 7.090 4.387
0.000 0.020 1.000 50.000 0.000 0.020 0.000 -1.099
0.001 0.040 1.000 0.000 0.000 0.020 0.001 -1.099
0.003 0.090 2.500 75.002 0.000 0.020 0.003 -1.099
0.006 0.160 3.500 50.006 0.000 0.020 0.006 -1.099
0.011 0.250 4.500 50.015 0.000 0.020 0.011 -1.099
0.018 0.350 5.001 25.026 0.000 0.020 0.018 -1.099
0.027 0.450 5.002 0.036 0.000 0.020 0.027 -1.099
0.038 0.550 5.003 0.049 0.000 0.020 0.038 -1.099
0.051 0.650 5.004 0.062 0.000 0.020 0.051 -1.099
0.066 0.750 5.005 0.078 0.000 0.020 0.066 -1.099
0.083 0.850 5.007 0.096 0.000 0.020 0.083 -1.099
0.102 0.951 5.010 0.116 0.000 0.020 0.102 -1.099
0.123 1.051 5.012 0.138 0.000 0.020 0.123 -1.099
0.146 1.151 5.016 0.164 0.000 0.020 0.146 -1.099
0.171 1.252 5.020 0.193 0.000 0.020 0.171 -1.099
0.198 1.352 5.024 0.225 0.000 0.020 0.198 -1.099
0.227 1.453 5.029 0.261 0.000 0.020 0.227 -1.099
0.258 1.553 5.035 0.301 0.000 0.020 0.258 -1.099
0.291 1.654 5.042 0.345 0.000 0.020 0.291 -1.099
0.326 1.755 5.050 0.393 0.000 0.020 0.326 -1.099
0.364 1.856 5.059 0.446 0.001 0.020 0.364 -1.099
0.403 1.958 5.069 0.504 0.001 0.020 0.403 -1.099
0.444 2.059 5.080 0.566 0.001 0.020 0.444 -1.099
0.487 2.161 5.093 0.633 0.001 0.020 0.487 -1.099
0.532 2.263 5.107 0.706 0.001 0.020 0.532 -1.099
0.580 2.366 5.123 0.783 0.002 0.020 0.580 -1.099
0.629 2.469 5.140 0.866 0.002 0.020 0.629 -1.099
0.681 2.572 5.159 0.954 0.002 0.020 0.681 -1.098
0.734 2.675 5.180 1.048 0.003 0.020 0.734 -1.098
0.790 2.780 5.203 1.148 0.003 0.020 0.790 -1.098
0.847 2.884 5.228 1.253 0.004 0.020 0.847 -1.098
0.907 2.989 5.256 1.364 0.005 0.020 0.907 -1.098
0.969 3.095 5.285 1.482 0.005 0.020 0.969 -1.097
1.033 3.201 5.317 1.605 0.006 0.020 1.033 -1.097
1.099 3.308 5.352 1.736 0.007 0.020 1.099 -1.097
1.168 3.416 5.389 1.873 0.009 0.020 1.168 -1.096
1.238 3.525 5.430 2.017 0.010 0.020 1.238 -1.095
1.311 3.634 5.473 2.169 0.012 0.020 1.311 -1.095
1.386 3.745 5.520 2.328 0.013 0.020 1.386 -1.094
1.463 3.856 5.570 2.496 0.015 0.020 1.463 -1.093
1.542 3.968 5.623 2.673 0.017 0.020 1.542 -1.091
1.624 4.082 5.680 2.859 0.020 0.020 1.624 -1.090
1.708 4.197 5.741 3.054 0.022 0.020 1.708 -1.088
1.794 4.313 5.807 3.260 0.025 0.020 1.794 -1.086
1.883 4.430 5.876 3.477 0.029 0.020 1.882 -1.084
1.974 4.549 5.950 3.706 0.032 0.020 1.973 -1.081
2.067 4.670 6.029 3.946 0.036 0.020 2.067 -1.078
2.163 4.792 6.113 4.199 0.041 0.020 2.162 -1.074
2.261 4.916 6.202 4.465 0.046 0.020 2.261 -1.070
2.362 5.042 6.297 4.743 0.051 0.020 2.361 -1.065
2.465 5.160 5.864 -21.675 0.057 0.020 2.464 -1.059
2.570 5.257 4.890 -48.688 0.063 0.020 2.569 -1.053
2.677 5.335 3.901 -49.429 0.070 0.020 2.676 -1.046
2.785 5.393 2.896 -50.279 0.077 0.020 2.783 -1.038
2.893 5.431 1.871 -51.234 0.085 0.020 2.892 -1.029
3.003 5.458 1.373 -24.929 0.093 0.020 3.000 -1.019
3.112 5.486 1.413 1.998 0.102 0.020 3.110 -1.009
3.223 5.516 1.452 1.956 0.112 0.020 3.219 -0.997
3.334 5.545 1.490 1.896 0.122 0.020 3.330 -0.984
3.445 5.576 1.526 1.816 0.132 0.020 3.440 -0.970
3.557 5.607 1.560 1.713 0.143 0.020 3.551 -0.955
3.670 5.639 1.592 1.583 0.155 0.020 3.663 -0.938
3.783 5.671 1.620 1.422 0.167 0.020 3.775 -0.920
3.898 5.704 1.645 1.227 0.180 0.020 3.887 -0.900
4.012 5.737 1.665 0.993 0.193 0.020 4.000 -0.879
4.128 5.771 1.679 0.718 0.207 0.020 4.113 -0.856
4.244 5.805 1.687 0.399 0.222 0.020 4.226 -0.831
4.361 5.839 1.688 0.033 0.237 0.020 4.340 -0.804
4.478 5.872 1.680 -0.381 0.253 0.020 4.454 -0.776
4.596 5.905 1.663 -0.844 0.269 0.020 4.568 -0.746
4.715 5.938 1.636 -1.354 0.287 0.020 4.682 -0.713
4.834 5.970 1.598 -1.910 0.304 0.020 4.797 -0.678
4.954 6.001 1.548 -2.506 0.322 0.020 4.911 -0.641
5.075 6.031 1.485 -3.136 0.341 0.020 5.025 -0.602
5.196 6.059 1.409 -3.792 0.360 0.020 5.139 -0.560
5.318 6.085 1.320 -4.461 0.380 0.020 5.252 -0.516
5.440 6.110 1.217 -5.132 0.400 0.020 5.365 -0.470
5.563 6.132 1.102 -5.789 0.421 0.020 5.478 -0.421
5.686 6.151 0.973 -6.416 0.442 0.020 5.589 -0.369
5.809 6.168 0.833 -6.997 0.463 0.020 5.700 -0.315
5.933 6.182 0.683 -7.515 0.485 0.020 5.810 -0.259
6.056 6.192 0.524 -7.955 0.506 0.020 5.919 -0.200
6.180 6.199 0.358 -8.303 0.528 0.020 6.027 -0.139
6.305 6.203 0.187 -8.547 0.550 0.020 6.133 -0.075
6.429 6.203 0.013 -8.680 0.572 0.020 6.238 -0.009
6.553 6.200 -0.161 -8.698 0.594 0.020 6.342 0.059
6.676 6.193 -0.333 -8.601 0.616 0.020 6.444 0.130
6.800 6.183 -0.500 -8.393 0.637 0.020 6.544 0.202
6.924 6.170 -0.662 -8.082 0.658 0.020 6.642 0.277
7.047 6.154 -0.816 -7.680 0.679 0.020 6.739 0.353
7.169 6.135 -0.960 -7.200 0.700 0.020 6.834 0.431
7.292 6.113 -1.093 -6.659 0.720 0.020 6.926 0.511
7.413 6.088 -1.214 -6.073 0.740 0.020 7.017 0.592
7.535 6.062 -1.323 -5.459 0.759 0.020 7.106 0.675
7.655 6.034 -1.420 -4.832 0.778 0.020 7.192 0.758
7.775 6.003 -1.504 -4.209 0.797 0.020 7.277 0.844
7.895 5.962 -2.052 -27.375 0.814 0.020 7.360 0.930
8.013 5.899 -3.169 -55.879 0.831 0.020 7.440 1.016
8.129 5.812 -4.370 -60.039 0.847 0.020 7.518 1.103
8.243 5.701 -5.533 -58.135 0.863 0.020 7.593 1.189
8.354 5.568 -6.659 -56.290 0.877 0.020 7.664 1.274
8.463 5.422 -7.287 -31.443 0.891 0.020 7.733 1.358
8.568 5.276 -7.319 -1.580 0.904 0.020 7.799 1.440
8.671 5.131 -7.229 4.509 0.916 0.020 7.862 1.521
8.770 4.988 -7.137 4.615 0.927 0.020 7.922 1.601
8.867 4.848 -7.043 4.655 0.938 0.020 7.980 1.678
8.962 4.709 -6.951 4.645 0.947 0.020 8.035 1.755
9.053 4.571 -6.859 4.595 0.957 0.020 8.088 1.829
9.142 4.436 -6.768 4.514 0.965 0.020 8.139 1.902
9.228 4.302 -6.680 4.411 0.973 0.020 8.188 1.973
9.311 4.170 -6.594 4.293 0.980 0.020 8.234 2.042
9.392 4.040 -6.511 4.165 0.987 0.020 8.279 2.109
9.470 3.912 -6.430 4.030 0.993 0.020 8.322 2.175
9.546 3.785 -6.353 3.893 0.999 0.020 8.363 2.238
9.619 3.659 -6.277 3.755 1.004 0.020 8.403 2.300
9.690 3.535 -6.205 3.620 1.009 0.020 8.441 2.359
9.758 3.412 -6.135 3.487 1.013 0.020 8.477 2.417
9.824 3.291 -6.068 3.359 1.017 0.020 8.512 2.473
9.887 3.171 -6.003 3.235 1.021 0.020 8.545 2.527
9.948 3.052 -5.941 3.116 1.024 0.020 8.577 2.579
10.007 2.934 -5.881 3.002 1.027 0.020 8.607 2.630
10.063 2.818 -5.823 2.893 1.030 0.020 8.636 2.678
10.117 2.703 -5.767 2.788 1.032 0.020 8.664 2.724
10.169 2.588 -5.714 2.687 1.035 0.020 8.690 2.769
10.219 2.475 -5.662 2.589 1.037 0.020 8.716 2.811
10.266 2.363 -5.612 2.495 1.038 0.020 8.740 2.852
10.311 2.252 -5.564 2.403 1.040 0.020 8.762 2.891
10.354 2.141 -5.518 2.312 1.041 0.020 8.784 2.928
10.394 2.032 -5.473 2.223 1.042 0.020 8.805 2.963
10.433 1.923 -5.431 2.134 1.043 0.020 8.824 2.996
10.469 1.815 -5.390 2.046 1.044 0.020 8.842 3.027
10.503 1.708 -5.351 1.956 1.045 0.020 8.859 3.057
10.535 1.602 -5.313 1.866 1.045 0.020 8.876 3.085
10.565 1.496 -5.278 1.774 1.046 0.020 8.891 3.110
10.593 1.392 -5.244 1.680 1.046 0.020 8.904 3.135
10.619 1.287 -5.212 1.583 1.046 0.020 8.917 3.157
10.643 1.184 -5.183 1.485 1.047 0.020 8.929 3.177
10.664 1.081 -5.155 1.383 1.047 0.020 8.940 3.196
10.684 0.978 -5.130 1.278 1.047 0.020 8.950 3.213
10.701 0.876 -5.106 1.170 1.047 0.020 8.959 3.228
10.717 0.774 -5.085 1.060 1.047 0.020 8.966 3.242
10.730 0.673 -5.066 0.946 1.047 0.020 8.973 3.253
10.742 0.572 -5.049 0.830 1.047 0.020 8.979 3.263
10.751 0.471 -5.035 0.711 1.047 0.020 8.983 3.271
10.758 0.371 -5.023 0.590 1.047 0.020 8.987 3.278
10.764 0.270 -5.014 0.467 1.047 0.020 8.990 3.282
10.767 0.178 -4.608 20.306 1.047 0.020 8.992 3.285
10.770 0.104 -3.705 45.172 1.047 0.020 8.993 3.287
10.771 0.050 -2.703 50.100 1.047 0.020 8.993 3.288
10.771 0.016 -1.702 50.035 1.047 0.020 8.993 3.288
10.771 0.002 -0.702 50.008 1.047 0.020 8.993 3.288
10.771 0.000 -0.101 30.043 1.047 0.020 8.993 3.288
