RedBoiler
167
0.000 0.020 1.000 50.000 0.000 0.020 0.000 1.099
0.001 0.040 1.000 -0.004 0.000 0.020 0.001 1.099
0.003 0.090 2.499 74.978 0.000 0.020 0.003 1.099
0.006 0.160 3.498 49.930 0.000 0.020 0.006 1.099
0.011 0.250 4.495 49.838 0.000 0.020 0.011 1.099
0.018 0.350 4.989 24.722 0.000 0.020 0.018 1.099
0.027 0.449 4.982 -0.380 0.000 0.020 0.027 1.099
0.038 0.549 4.972 -0.487 0.000 0.020 0.038 1.099
0.051 0.648 4.960 -0.592 0.000 0.020 0.051 1.099
0.066 0.747 4.946 -0.695 0.000 0.020 0.066 1.099
0.083 0.845 4.930 -0.796 0.000 0.020 0.083 1.099
0.102 0.944 4.912 -0.895 0.000 0.020 0.102 1.099
0.122 1.042 4.893 -0.992 0.000 0.020 0.122 1.099
0.145 1.139 4.871 -1.086 0.001 0.020 0.145 1.099
0.170 1.236 4.847 -1.178 0.001 0.020 0.170 1.099
0.197 1.332 4.822 -1.267 0.001 0.020 0.197 1.099
0.225 1.428 4.795 -1.355 0.002 0.020 0.225 1.099
0.256 1.524 4.766 -1.440 0.002 0.020 0.256 1.099
0.288 1.618 4.736 -1.523 0.003 0.020 0.288 1.099
0.322 1.712 4.703 -1.605 0.003 0.020 0.322 1.099
0.358 1.806 4.670 -1.686 0.004 0.020 0.358 1.099
0.396 1.898 4.634 -1.765 0.005 0.020 0.396 1.100
0.436 1.990 4.598 -1.845 0.006 0.020 0.436 1.100
0.478 2.082 4.559 -1.925 0.007 0.020 0.478 1.100
0.521 2.172 4.519 -2.005 0.009 0.020 0.521 1.101
0.566 2.261 4.477 -2.087 0.011 0.020 0.566 1.101
0.613 2.350 4.434 -2.170 0.012 0.020 0.613 1.101
0.662 2.438 4.389 -2.256 0.014 0.020 0.662 1.102
0.713 2.525 4.342 -2.346 0.017 0.020 0.713 1.103
0.765 2.611 4.293 -2.439 0.019 0.020 0.765 1.104
0.819 2.695 4.242 -2.537 0.022 0.020 0.819 1.105
0.874 2.779 4.189 -2.639 0.025 0.020 0.874 1.106
0.932 2.862 4.134 -2.747 0.029 0.020 0.932 1.108
0.991 2.943 4.077 -2.862 0.032 0.020 0.990 1.110
1.051 3.024 4.018 -2.983 0.036 0.020 1.051 1.112
1.113 3.103 3.955 -3.110 0.041 0.020 1.113 1.114
1.177 3.181 3.890 -3.245 0.046 0.020 1.176 1.117
1.242 3.257 3.823 -3.387 0.051 0.020 1.241 1.120
1.308 3.332 3.752 -3.535 0.057 0.020 1.308 1.124
1.377 3.406 3.678 -3.689 0.063 0.020 1.376 1.128
1.446 3.478 3.601 -3.848 0.070 0.020 1.445 1.132
1.517 3.548 3.521 -4.011 0.077 0.020 1.516 1.138
1.589 3.617 3.438 -4.176 0.085 0.020 1.588 1.143
1.663 3.684 3.351 -4.339 0.094 0.020 1.662 1.150
1.738 3.749 3.261 -4.497 0.103 0.020 1.736 1.157
1.814 3.813 3.168 -4.646 0.113 0.020 1.812 1.165
1.892 3.874 3.072 -4.779 0.123 0.020 1.889 1.175
1.970 3.934 2.975 -4.889 0.134 0.020 1.967 1.185
2.050 3.991 2.875 -4.967 0.146 0.020 2.046 1.196
2.131 4.047 2.775 -5.001 0.159 0.020 2.126 1.208
2.213 4.092 2.255 -26.030 0.173 0.020 2.207 1.222
2.295 4.118 1.332 -46.150 0.187 0.020 2.288 1.236
2.378 4.127 0.439 -44.605 0.202 0.020 2.369 1.252
2.460 4.119 -0.420 -42.953 0.218 0.020 2.449 1.269
2.542 4.094 -1.244 -41.223 0.235 0.020 2.529 1.288
2.623 4.061 -1.629 -19.232 0.252 0.020 2.608 1.307
2.704 4.029 -1.589 1.968 0.269 0.020 2.686 1.328
2.784 3.999 -1.539 2.495 0.288 0.020 2.763 1.350
2.863 3.969 -1.478 3.062 0.306 0.020 2.839 1.373
2.942 3.941 -1.405 3.661 0.326 0.020 2.914 1.398
3.020 3.915 -1.319 4.283 0.345 0.020 2.988 1.424
3.098 3.890 -1.221 4.915 0.366 0.020 3.060 1.451
3.176 3.868 -1.110 5.546 0.386 0.020 3.132 1.479
3.253 3.848 -0.987 6.158 0.407 0.020 3.203 1.509
3.329 3.831 -0.852 6.736 0.428 0.020 3.273 1.540
3.406 3.817 -0.707 7.263 0.450 0.020 3.343 1.572
3.482 3.806 -0.552 7.723 0.472 0.020 3.411 1.606
3.558 3.798 -0.390 8.101 0.493 0.020 3.478 1.641
3.634 3.794 -0.223 8.384 0.515 0.020 3.544 1.678
3.709 3.793 -0.052 8.561 0.537 0.020 3.610 1.716
3.785 3.795 0.121 8.626 0.559 0.020 3.675 1.756
3.861 3.801 0.292 8.575 0.581 0.020 3.739 1.797
3.938 3.810 0.461 8.411 0.603 0.020 3.802 1.839
4.014 3.823 0.623 8.138 0.624 0.020 3.865 1.883
4.091 3.838 0.779 7.766 0.645 0.020 3.926 1.929
4.168 3.857 0.925 7.305 0.666 0.020 3.988 1.976
4.245 3.878 1.060 6.771 0.687 0.020 4.048 2.024
4.323 3.902 1.184 6.180 0.707 0.020 4.108 2.075
4.402 3.927 1.295 5.548 0.726 0.020 4.167 2.126
4.481 3.955 1.393 4.891 0.745 0.020 4.226 2.179
4.561 3.985 1.477 4.226 0.764 0.020 4.284 2.234
4.641 4.016 1.548 3.565 0.781 0.020 4.341 2.290
4.722 4.048 1.607 2.923 0.799 0.020 4.398 2.347
4.804 4.081 1.653 2.308 0.816 0.020 4.455 2.406
4.886 4.115 1.688 1.729 0.832 0.020 4.511 2.467
4.969 4.149 1.712 1.192 0.847 0.020 4.566 2.528
5.053 4.184 1.726 0.701 0.862 0.020 4.621 2.592
5.137 4.218 1.731 0.258 0.876 0.020 4.675 2.656
5.222 4.253 1.728 -0.137 0.890 0.020 4.729 2.722
5.308 4.287 1.718 -0.485 0.903 0.020 4.783 2.789
5.394 4.321 1.703 -0.786 0.915 0.020 4.836 2.857
5.481 4.355 1.682 -1.045 0.927 0.020 4.889 2.926
5.569 4.388 1.656 -1.263 0.938 0.020 4.941 2.997
5.658 4.420 1.627 -1.445 0.949 0.020 4.993 3.068
5.747 4.452 1.596 -1.594 0.959 0.020 5.045 3.141
5.836 4.484 1.561 -1.713 0.968 0.020 5.096 3.215
5.927 4.514 1.525 -1.807 0.977 0.020 5.147 3.289
6.017 4.544 1.488 -1.879 0.985 0.020 5.197 3.365
6.109 4.573 1.449 -1.932 0.993 0.020 5.247 3.441
6.201 4.601 1.410 -1.969 1.000 0.020 5.297 3.518
6.293 4.628 1.370 -1.993 1.007 0.020 5.347 3.596
6.387 4.655 1.330 -2.008 1.013 0.020 5.397 3.675
6.480 4.681 1.289 -2.014 1.019 0.020 5.446 3.755
6.574 4.706 1.249 -2.014 1.024 0.020 5.495 3.835
6.669 4.730 1.209 -2.011 1.029 0.020 5.544 3.916
6.764 4.753 1.169 -2.005 1.034 0.020 5.593 3.998
6.859 4.776 1.129 -1.999 1.038 0.020 5.641 4.080
6.955 4.798 1.089 -1.993 1.041 0.020 5.690 4.163
7.052 4.819 1.049 -1.989 1.045 0.020 5.739 4.246
7.149 4.839 1.009 -1.987 1.048 0.020 5.787 4.330
7.246 4.858 0.970 -1.990 1.050 0.020 5.836 4.414
7.343 4.872 0.686 -14.166 1.053 0.020 5.884 4.498
7.441 4.870 -0.091 -38.867 1.054 0.020 5.932 4.583
7.538 4.848 -1.125 -51.708 1.056 0.020 5.980 4.667
7.634 4.804 -2.171 -52.300 1.057 0.020 6.027 4.751
7.728 4.740 -3.227 -52.802 1.058 0.020 6.074 4.834
7.822 4.659 -4.044 -40.849 1.059 0.020 6.119 4.915
7.913 4.571 -4.368 -16.167 1.060 0.020 6.164 4.995
8.003 4.483 -4.439 -3.555 1.060 0.020 6.208 5.073
8.090 4.393 -4.505 -3.333 1.060 0.020 6.251 5.149
8.177 4.301 -4.568 -3.120 1.060 0.020 6.293 5.224
8.261 4.209 -4.626 -2.913 1.060 0.020 6.334 5.298
8.343 4.115 -4.680 -2.713 1.060 0.020 6.374 5.370
8.423 4.020 -4.731 -2.519 1.059 0.020 6.414 5.440
8.502 3.925 -4.777 -2.330 1.059 0.020 6.452 5.508
8.578 3.829 -4.820 -2.147 1.058 0.020 6.490 5.575
8.653 3.731 -4.860 -1.968 1.058 0.020 6.526 5.640
8.726 3.633 -4.895 -1.795 1.057 0.020 6.562 5.703
8.796 3.535 -4.928 -1.627 1.057 0.020 6.597 5.765
8.865 3.436 -4.957 -1.465 1.056 0.020 6.630 5.825
8.932 3.336 -4.983 -1.308 1.055 0.020 6.663 5.883
8.997 3.236 -5.007 -1.157 1.055 0.020 6.695 5.939
9.059 3.135 -5.027 -1.012 1.054 0.020 6.726 5.994
9.120 3.034 -5.044 -0.873 1.053 0.020 6.756 6.046
9.179 2.933 -5.059 -0.741 1.053 0.020 6.785 6.097
9.235 2.832 -5.071 -0.616 1.052 0.020 6.813 6.147
9.290 2.730 -5.081 -0.498 1.052 0.020 6.840 6.194
9.342 2.628 -5.089 -0.388 1.051 0.020 6.866 6.240
9.393 2.527 -5.095 -0.285 1.051 0.020 6.892 6.283
9.441 2.425 -5.099 -0.190 1.050 0.020 6.916 6.325
9.488 2.323 -5.101 -0.102 1.050 0.020 6.939 6.366
9.532 2.221 -5.101 -0.023 1.049 0.020 6.961 6.404
9.575 2.119 -5.100 0.048 1.049 0.020 6.982 6.441
9.615 2.017 -5.098 0.111 1.049 0.020 7.002 6.476
9.653 1.915 -5.095 0.167 1.048 0.020 7.021 6.509
9.690 1.813 -5.090 0.214 1.048 0.020 7.039 6.541
9.724 1.711 -5.085 0.253 1.048 0.020 7.056 6.570
9.756 1.610 -5.080 0.285 1.048 0.020 7.073 6.598
9.786 1.508 -5.073 0.310 1.048 0.020 7.088 6.624
9.814 1.407 -5.067 0.327 1.048 0.020 7.102 6.649
9.840 1.306 -5.060 0.338 1.047 0.020 7.115 6.671
9.865 1.205 -5.053 0.342 1.047 0.020 7.127 6.692
9.887 1.104 -5.046 0.340 1.047 0.020 7.138 6.711
9.907 1.003 -5.040 0.333 1.047 0.020 7.148 6.729
9.925 0.902 -5.033 0.320 1.047 0.020 7.157 6.744
9.941 0.802 -5.027 0.302 1.047 0.020 7.165 6.758
9.955 0.701 -5.022 0.280 1.047 0.020 7.172 6.770
9.967 0.601 -5.017 0.254 1.047 0.020 7.178 6.781
9.977 0.501 -5.012 0.224 1.047 0.020 7.183 6.789
9.985 0.400 -5.008 0.191 1.047 0.020 7.187 6.796
9.991 0.300 -5.005 0.156 1.047 0.020 7.190 6.801
9.995 0.205 -4.754 12.575 1.047 0.020 7.192 6.805
9.997 0.125 -4.003 37.534 1.047 0.020 7.193 6.807
9.999 0.065 -3.002 50.041 1.047 0.020 7.194 6.808
9.999 0.025 -2.002 50.016 1.047 0.020 7.194 6.809
9.999 0.005 -1.002 50.004 1.047 0.020 7.194 6.809
9.999 0.000 -0.251 37.546 1.047 0.020 7.194 6.809
0.000 0.020 1.000 50.000 0.000 0.020 0.000 -1.099
0.001 0.040 1.000 0.004 0.000 0.020 0.001 -1.099
0.003 0.090 2.501 75.022 0.000 0.020 0.003 -1.099
0.006 0.160 3.502 50.070 0.000 0.020 0.006 -1.099
0.011 0.250 4.505 50.162 0.000 0.020 0.011 -1.099
0.018 0.350 5.011 25.278 0.000 0.020 0.018 -1.099
0.027 0.451 5.018 0.380 0.000 0.020 0.027 -1.099
0.038 0.551 5.028 0.487 0.000 0.020 0.038 -1.099
0.051 0.652 5.040 0.592 0.000 0.020 0.051 -1.099
0.066 0.753 5.054 0.695 0.000 0.020 0.066 -1.099
0.083 0.855 5.070 0.796 0.000 0.020 0.083 -1.099
0.102 0.956 5.088 0.895 0.000 0.020 0.102 -1.099
0.124 1.058 5.107 0.992 0.000 0.020 0.124 -1.099
0.147 1.161 5.129 1.086 0.001 0.020 0.147 -1.099
0.172 1.264 5.153 1.178 0.001 0.020 0.172 -1.099
0.199 1.368 5.178 1.267 0.001 0.020 0.199 -1.099
0.229 1.472 5.205 1.355 0.002 0.020 0.229 -1.099
0.260 1.576 5.234 1.440 0.002 0.020 0.260 -1.099
0.294 1.682 5.264 1.523 0.003 0.020 0.294 -1.099
0.330 1.788 5.297 1.605 0.003 0.020 0.330 -1.099
0.368 1.894 5.330 1.685 0.004 0.020 0.368 -1.098
0.408 2.002 5.366 1.765 0.005 0.020 0.408 -1.098
0.450 2.110 5.402 1.845 0.006 0.020 0.450 -1.098
0.494 2.218 5.441 1.924 0.007 0.020 0.494 -1.098
0.541 2.328 5.481 2.005 0.009 0.020 0.541 -1.097
0.590 2.439 5.523 2.087 0.011 0.020 0.590 -1.097
0.641 2.550 5.566 2.170 0.012 0.020 0.641 -1.096
0.694 2.662 5.611 2.256 0.014 0.020 0.694 -1.096
0.749 2.775 5.658 2.346 0.017 0.020 0.749 -1.095
0.807 2.889 5.707 2.439 0.019 0.020 0.807 -1.094
0.867 3.005 5.758 2.536 0.022 0.020 0.867 -1.092
0.930 3.121 5.811 2.639 0.025 0.020 0.930 -1.091
0.994 3.238 5.865 2.747 0.029 0.020 0.994 -1.089
1.061 3.357 5.923 2.861 0.032 0.020 1.061 -1.087
1.131 3.476 5.982 2.982 0.036 0.020 1.131 -1.085
1.203 3.597 6.045 3.110 0.041 0.020 1.203 -1.082
1.277 3.719 6.109 3.244 0.046 0.020 1.277 -1.079
1.354 3.843 6.177 3.386 0.051 0.020 1.354 -1.075
1.434 3.968 6.248 3.534 0.057 0.020 1.433 -1.071
1.515 4.094 6.322 3.688 0.063 0.020 1.515 -1.066
1.600 4.222 6.399 3.847 0.070 0.020 1.599 -1.060
1.687 4.352 6.479 4.010 0.077 0.020 1.686 -1.054
1.777 4.483 6.562 4.175 0.085 0.020 1.775 -1.047
1.869 4.616 6.649 4.338 0.094 0.020 1.867 -1.038
1.964 4.751 6.739 4.496 0.103 0.020 1.962 -1.029
2.062 4.887 6.832 4.644 0.113 0.020 2.059 -1.019
2.162 5.026 6.927 4.777 0.123 0.020 2.159 -1.007
2.266 5.166 7.025 4.887 0.134 0.020 2.261 -0.993
2.372 5.309 7.124 4.964 0.146 0.020 2.366 -0.979
2.481 5.453 7.224 4.998 0.159 0.020 2.474 -0.962
2.593 5.588 6.745 -23.972 0.173 0.020 2.584 -0.944
2.707 5.702 5.668 -53.850 0.187 0.020 2.697 -0.923
2.822 5.793 4.560 -55.394 0.202 0.020 2.810 -0.901
2.940 5.861 3.419 -57.046 0.218 0.020 2.925 -0.876
3.058 5.906 2.244 -58.775 0.235 0.020 3.040 -0.850
3.177 5.939 1.628 -30.767 0.252 0.020 3.155 -0.821
3.296 5.970 1.589 -1.968 0.269 0.020 3.271 -0.791
3.416 6.001 1.539 -2.495 0.288 0.020 3.386 -0.758
3.537 6.031 1.478 -3.061 0.306 0.020 3.501 -0.722
3.658 6.059 1.405 -3.660 0.326 0.020 3.617 -0.685
3.779 6.085 1.319 -4.282 0.345 0.020 3.732 -0.645
3.902 6.110 1.221 -4.914 0.366 0.020 3.846 -0.602
4.024 6.132 1.110 -5.544 0.386 0.020 3.960 -0.557
4.147 6.152 0.987 -6.156 0.407 0.020 4.074 -0.510
4.271 6.169 0.852 -6.734 0.428 0.020 4.186 -0.459
4.394 6.183 0.707 -7.261 0.450 0.020 4.298 -0.407
4.518 6.194 0.552 -7.721 0.472 0.020 4.409 -0.352
4.642 6.202 0.390 -8.099 0.493 0.020 4.519 -0.294
4.766 6.206 0.223 -8.381 0.515 0.020 4.628 -0.234
4.891 6.207 0.052 -8.558 0.537 0.020 4.735 -0.172
5.015 6.205 -0.121 -8.623 0.559 0.020 4.841 -0.107
5.139 6.199 -0.292 -8.573 0.581 0.020 4.945 -0.040
5.262 6.190 -0.461 -8.408 0.603 0.020 5.048 0.029
5.386 6.177 -0.623 -8.136 0.624 0.020 5.149 0.100
5.509 6.162 -0.779 -7.763 0.645 0.020 5.248 0.173
5.632 6.143 -0.925 -7.303 0.666 0.020 5.346 0.248
5.754 6.122 -1.060 -6.769 0.687 0.020 5.441 0.325
5.876 6.098 -1.184 -6.178 0.707 0.020 5.535 0.403
5.998 6.072 -1.294 -5.546 0.726 0.020 5.626 0.483
6.119 6.045 -1.392 -4.890 0.745 0.020 5.716 0.564
6.239 6.015 -1.477 -4.225 0.764 0.020 5.804 0.646
6.359 5.984 -1.548 -3.565 0.781 0.020 5.889 0.730
6.478 5.952 -1.606 -2.923 0.799 0.020 5.973 0.814
6.596 5.919 -1.653 -2.308 0.816 0.020 6.055 0.900
6.714 5.885 -1.687 -1.730 0.832 0.020 6.135 0.986
6.831 5.851 -1.711 -1.193 0.847 0.020 6.213 1.073
6.947 5.816 -1.725 -0.702 0.862 0.020 6.290 1.161
7.063 5.782 -1.730 -0.259 0.876 0.020 6.364 1.249
7.178 5.747 -1.728 0.136 0.890 0.020 6.437 1.338
7.292 5.713 -1.718 0.484 0.903 0.020 6.508 1.427
7.406 5.679 -1.702 0.785 0.915 0.020 6.578 1.517
7.519 5.645 -1.681 1.044 0.927 0.020 6.647 1.607
7.631 5.612 -1.656 1.262 0.938 0.020 6.713 1.697
7.742 5.580 -1.627 1.444 0.949 0.020 6.779 1.787
7.853 5.548 -1.595 1.593 0.959 0.020 6.843 1.878
7.964 5.516 -1.561 1.712 0.968 0.020 6.906 1.968
8.073 5.486 -1.525 1.806 0.977 0.020 6.968 2.059
8.182 5.456 -1.487 1.878 0.985 0.020 7.029 2.150
8.291 5.427 -1.449 1.931 0.993 0.020 7.088 2.240
8.399 5.399 -1.409 1.968 1.000 0.020 7.147 2.331
8.506 5.372 -1.370 1.993 1.007 0.020 7.205 2.422
8.613 5.345 -1.329 2.007 1.013 0.020 7.262 2.512
8.720 5.319 -1.289 2.013 1.019 0.020 7.318 2.603
8.826 5.294 -1.249 2.014 1.024 0.020 7.373 2.693
8.931 5.270 -1.209 2.010 1.029 0.020 7.427 2.783
9.036 5.247 -1.169 2.004 1.034 0.020 7.481 2.873
9.140 5.224 -1.129 1.998 1.038 0.020 7.535 2.963
9.244 5.202 -1.089 1.992 1.041 0.020 7.587 3.053
9.348 5.181 -1.049 1.988 1.045 0.020 7.639 3.142
9.451 5.161 -1.009 1.987 1.048 0.020 7.691 3.232
9.554 5.142 -0.970 1.989 1.050 0.020 7.742 3.321
9.657 5.118 -1.184 -10.743 1.053 0.020 7.793 3.410
9.758 5.080 -1.905 -36.042 1.054 0.020 7.843 3.498
9.859 5.023 -2.871 -48.292 1.056 0.020 7.893 3.585
9.957 4.946 -3.825 -47.700 1.057 0.020 7.942 3.671
10.055 4.851 -4.769 -47.199 1.058 0.020 7.989 3.756
10.149 4.742 -5.454 -34.242 1.059 0.020 8.036 3.839
10.242 4.629 -5.632 -8.925 1.060 0.020 8.081 3.919
10.332 4.518 -5.561 3.555 1.060 0.020 8.125 3.998
10.420 4.408 -5.495 3.333 1.060 0.020 8.168 4.075
10.506 4.299 -5.432 3.120 1.060 0.020 8.210 4.150
10.590 4.192 -5.374 2.913 1.060 0.020 8.251 4.223
10.672 4.085 -5.320 2.713 1.060 0.020 8.291 4.295
10.752 3.980 -5.269 2.519 1.059 0.020 8.330 4.364
10.829 3.875 -5.223 2.330 1.059 0.020 8.368 4.432
10.904 3.772 -5.180 2.147 1.058 0.020 8.405 4.497
10.978 3.669 -5.140 1.968 1.058 0.020 8.441 4.561
11.049 3.567 -5.105 1.795 1.057 0.020 8.476 4.623
11.119 3.466 -5.072 1.627 1.057 0.020 8.510 4.684
11.186 3.365 -5.043 1.465 1.056 0.020 8.543 4.742
11.251 3.264 -5.017 1.308 1.055 0.020 8.575 4.799
11.314 3.164 -4.993 1.157 1.055 0.020 8.607 4.854
11.376 3.065 -4.973 1.012 1.054 0.020 8.637 4.907
11.435 2.966 -4.956 0.873 1.053 0.020 8.666 4.959
11.492 2.867 -4.941 0.741 1.053 0.020 8.695 5.009
11.548 2.769 -4.929 0.616 1.052 0.020 8.722 5.057
11.601 2.670 -4.919 0.498 1.052 0.020 8.749 5.103
11.653 2.572 -4.911 0.388 1.051 0.020 8.774 5.148
11.702 2.474 -4.905 0.285 1.051 0.020 8.799 5.191
11.750 2.376 -4.901 0.190 1.050 0.020 8.822 5.232
11.795 2.278 -4.899 0.102 1.050 0.020 8.845 5.272
11.839 2.180 -4.899 0.023 1.049 0.020 8.867 5.309
11.880 2.082 -4.900 -0.048 1.049 0.020 8.888 5.346
11.920 1.984 -4.902 -0.111 1.049 0.020 8.907 5.380
11.958 1.886 -4.905 -0.167 1.048 0.020 8.926 5.413
11.993 1.787 -4.910 -0.214 1.048 0.020 8.944 5.444
12.027 1.689 -4.915 -0.253 1.048 0.020 8.961 5.473
12.059 1.591 -4.920 -0.285 1.048 0.020 8.977 5.500
12.089 1.492 -4.927 -0.310 1.048 0.020 8.992 5.526
12.117 1.394 -4.933 -0.327 1.048 0.020 9.006 5.550
12.143 1.295 -4.940 -0.338 1.047 0.020 9.018 5.573
12.167 1.196 -4.947 -0.342 1.047 0.020 9.030 5.594
12.189 1.097 -4.954 -0.340 1.047 0.020 9.041 5.613
12.209 0.998 -4.960 -0.333 1.047 0.020 9.051 5.630
12.226 0.898 -4.967 -0.320 1.047 0.020 9.060 5.645
12.242 0.799 -4.973 -0.302 1.047 0.020 9.068 5.659
12.256 0.699 -4.978 -0.280 1.047 0.020 9.075 5.671
12.268 0.600 -4.983 -0.254 1.047 0.020 9.081 5.682
12.278 0.500 -4.988 -0.224 1.047 0.020 9.086 5.690
12.286 0.400 -4.992 -0.191 1.047 0.020 9.090 5.697
12.292 0.300 -4.995 -0.156 1.047 0.020 9.093 5.703
12.297 0.205 -4.748 12.334 1.047 0.020 9.095 5.706
12.299 0.125 -4.001 37.374 1.047 0.020 9.097 5.708
12.300 0.065 -3.001 49.959 1.047 0.020 9.097 5.709
12.301 0.025 -2.002 49.984 1.047 0.020 9.098 5.710
12.301 0.005 -1.002 49.996 1.047 0.020 9.098 5.710
12.301 0.000 -0.251 37.545 1.047 0.020 9.098 5.710
