RedCenter
123
0.000 0.020 1.000 50.000 6.283 0.020 0.000 1.099
0.001 0.040 1.000 0.000 6.283 0.020 0.001 1.099
0.003 0.090 2.500 75.001 6.283 0.020 0.003 1.099
0.006 0.160 3.500 50.004 6.283 0.020 0.006 1.099
0.011 0.250 4.500 50.010 6.283 0.020 0.011 1.099
0.018 0.350 5.001 25.017 6.283 0.020 0.018 1.099
0.027 0.450 5.001 0.023 6.283 0.020 0.027 1.099
0.038 0.550 5.002 0.029 6.283 0.020 0.038 1.099
0.051 0.650 5.002 0.034 6.283 0.020 0.051 1.099
0.066 0.750 5.003 0.040 6.283 0.020 0.066 1.099
0.083 0.850 5.004 0.045 6.283 0.020 0.083 1.099
0.102 0.950 5.005 0.050 6.283 0.020 0.102 1.099
0.123 1.050 5.006 0.054 6.283 0.020 0.123 1.099
0.146 1.151 5.007 0.058 6.283 0.020 0.146 1.099
0.171 1.251 5.009 0.061 6.283 0.020 0.171 1.099
0.198 1.351 5.010 0.064 6.283 0.020 0.198 1.099
0.227 1.451 5.011 0.066 6.283 0.020 0.227 1.099
0.258 1.551 5.012 0.067 6.283 0.020 0.258 1.099
0.291 1.652 5.014 0.067 6.283 0.020 0.291 1.099
0.326 1.752 5.015 0.067 6.283 0.020 0.326 1.099
0.363 1.852 5.016 0.066 6.283 0.020 0.363 1.099
0.402 1.953 5.018 0.064 6.283 0.020 0.402 1.099
0.443 2.053 5.019 0.062 6.283 0.020 0.443 1.099
0.486 2.154 5.020 0.058 6.283 0.020 0.486 1.099
0.532 2.254 5.021 0.054 6.283 0.020 0.532 1.099
0.579 2.354 5.022 0.049 6.283 0.020 0.579 1.099
0.628 2.455 5.023 0.043 6.283 0.020 0.628 1.099
0.679 2.555 5.024 0.036 6.282 0.020 0.679 1.099
0.732 2.656 5.024 0.028 6.282 0.020 0.732 1.099
0.787 2.756 5.025 0.020 6.282 0.020 0.787 1.099
0.844 2.857 5.025 0.011 6.282 0.020 0.844 1.099
0.903 2.957 5.025 0.001 6.282 0.020 0.903 1.099
0.964 3.058 5.025 -0.010 6.282 0.020 0.964 1.098
1.028 3.158 5.024 -0.022 6.282 0.020 1.028 1.098
1.093 3.259 5.024 -0.034 6.282 0.020 1.093 1.098
1.160 3.359 5.023 -0.047 6.281 0.020 1.160 1.098
1.229 3.460 5.022 -0.060 6.281 0.020 1.229 1.098
1.300 3.560 5.020 -0.073 6.281 0.020 1.300 1.098
1.374 3.660 5.018 -0.087 6.281 0.020 1.374 1.098
1.449 3.761 5.016 -0.102 6.281 0.020 1.449 1.098
1.526 3.861 5.014 -0.116 6.280 0.020 1.526 1.097
1.605 3.961 5.011 -0.131 6.280 0.020 1.605 1.097
1.687 4.061 5.008 -0.145 6.280 0.020 1.687 1.097
1.770 4.162 5.005 -0.159 6.280 0.020 1.770 1.097
1.855 4.262 5.002 -0.174 6.280 0.020 1.855 1.096
1.942 4.362 4.998 -0.187 6.279 0.020 1.942 1.096
2.031 4.461 4.994 -0.200 6.279 0.020 2.031 1.096
2.123 4.561 4.990 -0.212 6.279 0.020 2.123 1.095
2.216 4.661 4.985 -0.224 6.279 0.020 2.216 1.095
2.311 4.761 4.981 -0.234 6.279 0.020 2.311 1.094
2.408 4.850 4.475 -25.292 6.278 0.020 2.408 1.094
2.506 4.919 3.468 -50.329 6.278 0.020 2.506 1.093
2.606 4.969 2.462 -50.297 6.278 0.020 2.606 1.093
2.706 4.998 1.457 -50.257 6.278 0.020 2.706 1.092
2.806 5.007 0.453 -50.211 6.278 0.020 2.806 1.092
2.906 5.006 -0.050 -25.133 6.278 0.020 2.906 1.091
3.006 5.005 -0.051 -0.078 6.278 0.020 3.006 1.091
3.106 5.004 -0.053 -0.064 6.278 0.020 3.106 1.090
3.206 5.003 -0.054 -0.049 6.277 0.020 3.206 1.090
3.306 5.002 -0.054 -0.035 6.277 0.020 3.306 1.089
3.406 5.001 -0.055 -0.021 6.277 0.020 3.406 1.088
3.506 4.999 -0.055 -0.007 6.277 0.020 3.506 1.088
3.606 4.998 -0.055 0.008 6.277 0.020 3.606 1.087
3.706 4.997 -0.054 0.022 6.278 0.020 3.706 1.087
3.806 4.996 -0.053 0.036 6.278 0.020 3.806 1.086
3.906 4.995 -0.052 0.050 6.278 0.020 3.906 1.086
4.006 4.994 -0.051 0.065 6.278 0.020 4.006 1.085
4.106 4.992 -0.091 -1.990 6.278 0.020 4.106 1.085
4.205 4.980 -0.630 -26.932 6.278 0.020 4.205 1.084
4.304 4.947 -1.625 -49.785 6.278 0.020 4.304 1.084
4.402 4.895 -2.620 -49.740 6.278 0.020 4.402 1.083
4.499 4.822 -3.614 -49.701 6.279 0.020 4.499 1.083
4.593 4.731 -4.566 -47.602 6.279 0.020 4.593 1.082
4.686 4.631 -5.019 -22.640 6.279 0.020 4.686 1.082
4.777 4.530 -5.014 0.233 6.279 0.020 4.776 1.081
4.865 4.430 -5.010 0.223 6.279 0.020 4.865 1.081
4.952 4.330 -5.006 0.211 6.280 0.020 4.952 1.081
5.036 4.230 -5.002 0.199 6.280 0.020 5.036 1.080
5.119 4.130 -4.998 0.186 6.280 0.020 5.119 1.080
5.200 4.030 -4.994 0.172 6.280 0.020 5.199 1.080
5.278 3.930 -4.991 0.158 6.280 0.020 5.278 1.080
5.355 3.831 -4.988 0.144 6.281 0.020 5.355 1.080
5.429 3.731 -4.986 0.129 6.281 0.020 5.429 1.079
5.502 3.631 -4.984 0.115 6.281 0.020 5.502 1.079
5.573 3.532 -4.982 0.101 6.281 0.020 5.573 1.079
5.641 3.432 -4.980 0.086 6.281 0.020 5.641 1.079
5.708 3.333 -4.978 0.072 6.282 0.020 5.708 1.079
5.773 3.233 -4.977 0.059 6.282 0.020 5.773 1.079
5.835 3.133 -4.976 0.045 6.282 0.020 5.835 1.079
5.896 3.034 -4.976 0.033 6.282 0.020 5.896 1.079
5.955 2.934 -4.975 0.021 6.282 0.020 5.955 1.078
6.011 2.835 -4.975 0.009 6.282 0.020 6.011 1.078
6.066 2.735 -4.975 -0.001 6.282 0.020 6.066 1.078
6.119 2.636 -4.975 -0.011 6.282 0.020 6.119 1.078
6.169 2.536 -4.976 -0.021 6.283 0.020 6.169 1.078
6.218 2.437 -4.976 -0.029 6.283 0.020 6.218 1.078
6.265 2.337 -4.977 -0.037 6.283 0.020 6.265 1.078
6.310 2.238 -4.978 -0.043 6.283 0.020 6.310 1.078
6.352 2.138 -4.979 -0.049 6.283 0.020 6.352 1.078
6.393 2.039 -4.980 -0.054 6.283 0.020 6.393 1.078
6.432 1.939 -4.981 -0.059 6.283 0.020 6.432 1.078
6.469 1.839 -4.982 -0.062 6.283 0.020 6.469 1.078
6.504 1.740 -4.984 -0.065 6.283 0.020 6.504 1.078
6.536 1.640 -4.985 -0.066 6.283 0.020 6.536 1.078
6.567 1.540 -4.986 -0.067 6.283 0.020 6.567 1.078
6.596 1.441 -4.988 -0.067 6.283 0.020 6.596 1.078
6.623 1.341 -4.989 -0.067 6.283 0.020 6.623 1.078
6.648 1.241 -4.990 -0.065 6.283 0.020 6.648 1.078
6.670 1.141 -4.992 -0.063 6.283 0.020 6.670 1.078
6.691 1.041 -4.993 -0.061 6.283 0.020 6.691 1.078
6.710 0.941 -4.994 -0.058 6.283 0.020 6.710 1.078
6.727 0.841 -4.995 -0.054 6.283 0.020 6.727 1.078
6.742 0.742 -4.996 -0.050 6.283 0.020 6.742 1.078
6.755 0.642 -4.997 -0.045 6.283 0.020 6.755 1.078
6.765 0.542 -4.998 -0.040 6.283 0.020 6.765 1.078
6.774 0.442 -4.998 -0.034 6.283 0.020 6.774 1.078
6.781 0.342 -4.999 -0.028 6.283 0.020 6.781 1.078
6.786 0.243 -4.958 2.050 6.283 0.020 6.786 1.078
6.789 0.154 -4.417 27.056 6.283 0.020 6.789 1.078
6.791 0.086 -3.417 49.991 6.283 0.020 6.791 1.078
6.792 0.038 -2.417 49.996 6.283 0.020 6.791 1.078
6.792 0.009 -1.417 49.999 0.000 0.020 6.792 1.078
6.792 0.000 -0.459 47.928 0.000 0.020 6.792 1.078
0.000 0.020 1.000 50.000 6.283 0.020 0.000 -1.099
0.001 0.040 1.000 -0.000 6.283 0.020 0.001 -1.099
0.003 0.090 2.500 74.999 6.283 0.020 0.003 -1.099
0.006 0.160 3.500 49.996 6.283 0.020 0.006 -1.099
0.011 0.250 4.500 49.990 6.283 0.020 0.011 -1.099
0.018 0.350 4.999 24.983 6.283 0.020 0.018 -1.099
0.027 0.450 4.999 -0.023 6.283 0.020 0.027 -1.099
0.038 0.550 4.998 -0.029 6.283 0.020 0.038 -1.099
0.051 0.650 4.998 -0.034 6.283 0.020 0.051 -1.099
0.066 0.750 4.997 -0.040 6.283 0.020 0.066 -1.099
0.083 0.850 4.996 -0.045 6.283 0.020 0.083 -1.099
0.102 0.950 4.995 -0.050 6.283 0.020 0.102 -1.099
0.123 1.050 4.994 -0.054 6.283 0.020 0.123 -1.099
0.146 1.149 4.993 -0.058 6.283 0.020 0.146 -1.099
0.171 1.249 4.991 -0.061 6.283 0.020 0.171 -1.099
0.198 1.349 4.990 -0.064 6.283 0.020 0.198 -1.099
0.227 1.449 4.989 -0.066 6.283 0.020 0.227 -1.099
0.258 1.549 4.988 -0.067 6.283 0.020 0.258 -1.099
0.291 1.648 4.986 -0.067 6.283 0.020 0.291 -1.099
0.326 1.748 4.985 -0.067 6.283 0.020 0.326 -1.099
0.363 1.848 4.984 -0.066 6.283 0.020 0.363 -1.099
0.402 1.947 4.982 -0.064 6.283 0.020 0.402 -1.099
0.443 2.047 4.981 -0.062 6.283 0.020 0.443 -1.099
0.486 2.146 4.980 -0.058 6.283 0.020 0.486 -1.099
0.530 2.246 4.979 -0.054 6.283 0.020 0.530 -1.099
0.577 2.346 4.978 -0.049 6.283 0.020 0.577 -1.099
0.626 2.445 4.977 -0.043 6.283 0.020 0.626 -1.099
0.677 2.545 4.976 -0.036 6.282 0.020 0.677 -1.099
0.730 2.644 4.976 -0.028 6.282 0.020 0.730 -1.099
0.785 2.744 4.975 -0.020 6.282 0.020 0.785 -1.099
0.842 2.843 4.975 -0.011 6.282 0.020 0.842 -1.099
0.901 2.943 4.975 -0.001 6.282 0.020 0.901 -1.099
0.962 3.042 4.975 0.010 6.282 0.020 0.962 -1.099
1.024 3.142 4.976 0.022 6.282 0.020 1.024 -1.100
1.089 3.241 4.976 0.034 6.282 0.020 1.089 -1.100
1.156 3.341 4.977 0.047 6.281 0.020 1.156 -1.100
1.225 3.440 4.978 0.060 6.281 0.020 1.225 -1.100
1.296 3.540 4.980 0.073 6.281 0.020 1.296 -1.100
1.368 3.640 4.982 0.087 6.281 0.020 1.368 -1.100
1.443 3.739 4.984 0.102 6.281 0.020 1.443 -1.100
1.520 3.839 4.986 0.116 6.280 0.020 1.520 -1.101
1.599 3.939 4.989 0.131 6.280 0.020 1.599 -1.101
1.679 4.039 4.992 0.145 6.280 0.020 1.679 -1.101
1.762 4.138 4.995 0.159 6.280 0.020 1.762 -1.101
1.847 4.238 4.998 0.174 6.280 0.020 1.847 -1.102
1.934 4.338 5.002 0.187 6.279 0.020 1.934 -1.102
2.023 4.439 5.006 0.200 6.279 0.020 2.023 -1.102
2.113 4.539 5.010 0.212 6.279 0.020 2.113 -1.103
2.206 4.639 5.015 0.224 6.279 0.020 2.206 -1.103
2.301 4.739 5.019 0.234 6.279 0.020 2.301 -1.104
2.398 4.830 4.525 -24.708 6.278 0.020 2.398 -1.104
2.496 4.901 3.532 -49.671 6.278 0.020 2.496 -1.104
2.595 4.951 2.538 -49.703 6.278 0.020 2.595 -1.105
2.694 4.982 1.543 -49.743 6.278 0.020 2.694 -1.105
2.794 4.993 0.547 -49.789 6.278 0.020 2.794 -1.106
2.894 4.994 0.050 -24.867 6.278 0.020 2.894 -1.107
2.994 4.995 0.051 0.078 6.278 0.020 2.994 -1.107
3.094 4.996 0.053 0.064 6.278 0.020 3.094 -1.108
3.194 4.997 0.054 0.049 6.277 0.020 3.194 -1.108
3.294 4.998 0.054 0.035 6.277 0.020 3.294 -1.109
3.394 4.999 0.055 0.021 6.277 0.020 3.394 -1.109
3.494 5.001 0.055 0.007 6.277 0.020 3.494 -1.110
3.594 5.002 0.055 -0.008 6.277 0.020 3.594 -1.111
3.694 5.003 0.054 -0.022 6.278 0.020 3.694 -1.111
3.794 5.004 0.053 -0.036 6.278 0.020 3.794 -1.112
3.894 5.005 0.052 -0.050 6.278 0.020 3.894 -1.112
3.994 5.006 0.051 -0.065 6.278 0.020 3.994 -1.113
4.094 5.006 0.008 -2.154 6.278 0.020 4.094 -1.113
4.194 4.995 -0.536 -27.211 6.278 0.020 4.194 -1.114
4.293 4.965 -1.540 -50.215 6.278 0.020 4.293 -1.114
4.392 4.914 -2.546 -50.260 6.278 0.020 4.392 -1.115
4.489 4.843 -3.552 -50.299 6.279 0.020 4.488 -1.115
4.584 4.752 -4.517 -48.254 6.279 0.020 4.584 -1.116
4.677 4.653 -4.981 -23.216 6.279 0.020 4.677 -1.116
4.768 4.553 -4.986 -0.233 6.279 0.020 4.768 -1.116
4.857 4.453 -4.990 -0.223 6.279 0.020 4.857 -1.117
4.944 4.353 -4.994 -0.211 6.280 0.020 4.944 -1.117
5.029 4.253 -4.998 -0.199 6.280 0.020 5.029 -1.117
5.112 4.153 -5.002 -0.186 6.280 0.020 5.112 -1.118
5.193 4.053 -5.006 -0.172 6.280 0.020 5.193 -1.118
5.272 3.953 -5.009 -0.158 6.280 0.020 5.272 -1.118
5.349 3.853 -5.012 -0.144 6.281 0.020 5.349 -1.118
5.424 3.752 -5.014 -0.129 6.281 0.020 5.424 -1.119
5.497 3.652 -5.016 -0.115 6.281 0.020 5.497 -1.119
5.568 3.552 -5.018 -0.101 6.281 0.020 5.568 -1.119
5.637 3.451 -5.020 -0.086 6.281 0.020 5.637 -1.119
5.704 3.351 -5.022 -0.072 6.282 0.020 5.704 -1.119
5.769 3.250 -5.023 -0.059 6.282 0.020 5.769 -1.119
5.832 3.150 -5.024 -0.045 6.282 0.020 5.832 -1.119
5.893 3.049 -5.024 -0.033 6.282 0.020 5.893 -1.119
5.952 2.949 -5.025 -0.021 6.282 0.020 5.952 -1.119
6.009 2.848 -5.025 -0.009 6.282 0.020 6.009 -1.120
6.064 2.748 -5.025 0.001 6.282 0.020 6.064 -1.120
6.117 2.647 -5.025 0.011 6.282 0.020 6.117 -1.120
6.168 2.547 -5.024 0.021 6.283 0.020 6.168 -1.120
6.217 2.447 -5.024 0.029 6.283 0.020 6.217 -1.120
6.264 2.346 -5.023 0.037 6.283 0.020 6.264 -1.120
6.309 2.246 -5.022 0.043 6.283 0.020 6.309 -1.120
6.352 2.145 -5.021 0.049 6.283 0.020 6.352 -1.120
6.393 2.045 -5.020 0.054 6.283 0.020 6.393 -1.120
6.432 1.944 -5.019 0.059 6.283 0.020 6.431 -1.120
6.468 1.844 -5.018 0.062 6.283 0.020 6.468 -1.120
6.503 1.744 -5.016 0.065 6.283 0.020 6.503 -1.120
6.536 1.643 -5.015 0.066 6.283 0.020 6.536 -1.120
6.567 1.543 -5.014 0.067 6.283 0.020 6.567 -1.120
6.596 1.443 -5.012 0.067 6.283 0.020 6.596 -1.120
6.623 1.343 -5.011 0.067 6.283 0.020 6.623 -1.120
6.648 1.243 -5.010 0.065 6.283 0.020 6.648 -1.120
6.670 1.142 -5.008 0.063 6.283 0.020 6.670 -1.120
6.691 1.042 -5.007 0.061 6.283 0.020 6.691 -1.120
6.710 0.942 -5.006 0.058 6.283 0.020 6.710 -1.120
6.727 0.842 -5.005 0.054 6.283 0.020 6.727 -1.120
6.742 0.742 -5.004 0.050 6.283 0.020 6.742 -1.120
6.755 0.642 -5.003 0.045 6.283 0.020 6.755 -1.120
6.765 0.542 -5.002 0.040 6.283 0.020 6.765 -1.120
6.774 0.442 -5.002 0.034 6.283 0.020 6.774 -1.120
6.781 0.342 -5.001 0.028 6.283 0.020 6.781 -1.120
6.786 0.243 -4.959 2.094 6.283 0.020 6.786 -1.120
6.789 0.154 -4.417 27.088 6.283 0.020 6.789 -1.120
6.791 0.086 -3.417 50.009 6.283 0.020 6.791 -1.120
6.792 0.038 -2.417 50.004 6.283 0.020 6.791 -1.120
6.792 0.009 -1.417 50.001 0.000 0.020 6.792 -1.120
6.792 0.000 -0.459 47.928 0.000 0.020 6.792 -1.120
