RedCenterVision
110
0.000 0.020 0.996 49.801 0.000 0.020 0.000 1.099
0.001 0.040 0.996 0.000 0.000 0.020 0.001 1.099
0.003 0.090 2.490 74.702 0.000 0.020 0.003 1.099
0.006 0.159 3.486 49.801 0.000 0.020 0.006 1.099
0.011 0.249 4.482 49.801 0.000 0.020 0.011 1.099
0.018 0.349 4.980 24.901 0.000 0.020 0.018 1.099
0.027 0.448 4.980 0.000 0.000 0.020 0.027 1.099
0.038 0.548 4.980 -0.000 0.000 0.020 0.038 1.099
0.051 0.647 4.980 -0.000 0.000 0.020 0.051 1.099
0.066 0.747 4.980 -0.000 0.000 0.020 0.066 1.099
0.083 0.847 4.980 0.000 0.000 0.020 0.083 1.099
0.102 0.946 4.980 0.000 0.000 0.020 0.102 1.099
0.123 1.046 4.980 0.000 0.000 0.020 0.123 1.099
0.145 1.145 4.980 -0.000 0.000 0.020 0.145 1.099
0.170 1.245 4.980 0.000 0.000 0.020 0.170 1.099
0.197 1.345 4.980 -0.000 0.000 0.020 0.197 1.099
0.226 1.444 4.980 0.000 0.000 0.020 0.226 1.099
0.257 1.544 4.980 -0.000 0.000 0.020 0.257 1.099
0.290 1.643 4.980 0.000 0.000 0.020 0.290 1.099
0.325 1.743 4.980 -0.000 0.000 0.020 0.325 1.099
0.362 1.843 4.980 0.000 0.000 0.020 0.362 1.099
0.400 1.942 4.980 -0.000 0.000 0.020 0.400 1.099
0.441 2.042 4.980 -0.000 0.000 0.020 0.441 1.099
0.484 2.141 4.980 0.000 0.000 0.020 0.484 1.099
0.529 2.241 4.980 -0.000 0.000 0.020 0.529 1.099
0.576 2.341 4.980 0.000 0.000 0.020 0.576 1.099
0.625 2.440 4.980 0.000 0.000 0.020 0.625 1.099
0.675 2.540 4.980 0.000 0.000 0.020 0.675 1.099
0.728 2.639 4.980 -0.000 0.000 0.020 0.728 1.099
0.783 2.739 4.980 0.000 0.000 0.020 0.783 1.099
0.840 2.839 4.980 0.000 0.000 0.020 0.840 1.099
0.898 2.938 4.980 0.000 0.000 0.020 0.898 1.099
0.959 3.038 4.980 -0.000 0.000 0.020 0.959 1.099
1.022 3.137 4.980 -0.000 0.000 0.020 1.022 1.099
1.087 3.237 4.980 -0.000 0.000 0.020 1.087 1.099
1.153 3.337 4.980 0.000 0.000 0.020 1.153 1.099
1.222 3.436 4.980 -0.000 0.000 0.020 1.222 1.099
1.293 3.536 4.980 0.000 0.000 0.020 1.293 1.099
1.366 3.635 4.980 0.000 0.000 0.020 1.366 1.099
1.440 3.735 4.980 -0.000 0.000 0.020 1.440 1.099
1.517 3.835 4.980 0.000 0.000 0.020 1.517 1.099
1.596 3.934 4.980 -0.000 0.000 0.020 1.596 1.099
1.676 4.034 4.980 -0.000 0.000 0.020 1.676 1.099
1.759 4.134 4.980 0.000 0.000 0.020 1.759 1.099
1.844 4.233 4.980 -0.000 0.000 0.020 1.844 1.099
1.930 4.333 4.980 0.000 0.000 0.020 1.930 1.099
2.019 4.432 4.980 0.000 0.000 0.020 2.019 1.099
2.110 4.532 4.980 0.000 0.000 0.020 2.110 1.099
2.202 4.632 4.980 -0.000 0.000 0.020 2.202 1.099
2.297 4.731 4.980 0.000 0.000 0.020 2.297 1.099
2.393 4.821 4.482 -24.901 0.000 0.020 2.393 1.099
2.491 4.890 3.486 -49.801 0.000 0.020 2.491 1.099
2.590 4.940 2.490 -49.801 0.000 0.020 2.590 1.099
2.689 4.970 1.494 -49.801 0.000 0.020 2.689 1.099
2.789 4.978 0.399 -54.751 0.000 0.020 2.789 1.099
2.888 4.964 -0.696 -54.751 0.000 0.020 2.888 1.099
2.987 4.930 -1.692 -49.801 0.000 0.020 2.987 1.099
3.084 4.877 -2.688 -49.801 0.000 0.020 3.084 1.099
3.180 4.803 -3.684 -49.801 0.000 0.020 3.180 1.099
3.275 4.711 -4.581 -44.851 0.000 0.020 3.275 1.099
3.367 4.612 -4.980 -19.951 0.000 0.020 3.367 1.099
3.457 4.512 -4.980 -0.000 0.000 0.020 3.457 1.099
3.545 4.413 -4.980 0.000 0.000 0.020 3.545 1.099
3.632 4.313 -4.980 -0.000 0.000 0.020 3.632 1.099
3.716 4.213 -4.980 -0.000 0.000 0.020 3.716 1.099
3.798 4.114 -4.980 0.000 0.000 0.020 3.798 1.099
3.878 4.014 -4.980 0.000 0.000 0.020 3.878 1.099
3.957 3.914 -4.980 -0.000 0.000 0.020 3.957 1.099
4.033 3.815 -4.980 -0.000 0.000 0.020 4.033 1.099
4.107 3.715 -4.980 0.000 0.000 0.020 4.107 1.099
4.180 3.616 -4.980 -0.000 0.000 0.020 4.180 1.099
4.250 3.516 -4.980 0.000 0.000 0.020 4.250 1.099
4.318 3.416 -4.980 -0.000 0.000 0.020 4.318 1.099
4.385 3.317 -4.980 0.000 0.000 0.020 4.385 1.099
4.449 3.217 -4.980 -0.000 0.000 0.020 4.449 1.099
4.511 3.118 -4.980 -0.000 0.000 0.020 4.511 1.099
4.572 3.018 -4.980 0.000 0.000 0.020 4.572 1.099
4.630 2.918 -4.980 -0.000 0.000 0.020 4.630 1.099
4.686 2.819 -4.980 0.000 0.000 0.020 4.686 1.099
4.741 2.719 -4.980 -0.000 0.000 0.020 4.741 1.099
4.793 2.620 -4.980 0.000 0.000 0.020 4.793 1.099
4.844 2.520 -4.980 -0.000 0.000 0.020 4.844 1.099
4.892 2.420 -4.980 0.000 0.000 0.020 4.892 1.099
4.938 2.321 -4.980 -0.000 0.000 0.020 4.938 1.099
4.983 2.221 -4.980 0.000 0.000 0.020 4.983 1.099
5.025 2.122 -4.980 -0.000 0.000 0.020 5.025 1.099
5.066 2.022 -4.980 0.000 0.000 0.020 5.066 1.099
5.104 1.922 -4.980 -0.000 0.000 0.020 5.104 1.099
5.141 1.823 -4.980 0.000 0.000 0.020 5.141 1.099
5.175 1.723 -4.980 -0.000 0.000 0.020 5.175 1.099
5.207 1.624 -4.980 0.000 0.000 0.020 5.207 1.099
5.238 1.524 -4.980 0.000 0.000 0.020 5.238 1.099
5.266 1.424 -4.980 0.000 0.000 0.020 5.266 1.099
5.293 1.325 -4.980 0.000 0.000 0.020 5.293 1.099
5.317 1.225 -4.980 -0.000 0.000 0.020 5.317 1.099
5.340 1.126 -4.980 0.000 0.000 0.020 5.340 1.099
5.361 1.026 -4.980 -0.000 0.000 0.020 5.361 1.099
5.379 0.926 -4.980 0.000 0.000 0.020 5.379 1.099
5.396 0.827 -4.980 0.000 0.000 0.020 5.396 1.099
5.410 0.727 -4.980 -0.000 0.000 0.020 5.410 1.099
5.423 0.628 -4.980 0.000 0.000 0.020 5.423 1.099
5.433 0.528 -4.980 -0.000 0.000 0.020 5.433 1.099
5.442 0.428 -4.980 0.000 0.000 0.020 5.442 1.099
5.448 0.329 -4.980 -0.000 0.000 0.020 5.448 1.099
5.453 0.231 -4.881 4.950 0.000 0.020 5.453 1.099
5.456 0.146 -4.284 29.851 0.000 0.020 5.456 1.099
5.457 0.080 -3.288 49.801 0.000 0.020 5.457 1.099
5.458 0.034 -2.292 49.801 0.000 0.020 5.458 1.099
5.458 0.008 -1.296 49.801 0.000 0.020 5.458 1.099
5.458 0.000 -0.399 44.851 0.000 0.020 5.458 1.099
0.000 0.020 0.996 49.801 0.000 0.020 0.000 -1.099
0.001 0.040 0.996 0.000 0.000 0.020 0.001 -1.099
0.003 0.090 2.490 74.702 0.000 0.020 0.003 -1.099
0.006 0.159 3.486 49.801 0.000 0.020 0.006 -1.099
0.011 0.249 4.482 49.801 0.000 0.020 0.011 -1.099
0.018 0.349 4.980 24.901 0.000 0.020 0.018 -1.099
0.027 0.448 4.980 0.000 0.000 0.020 0.027 -1.099
0.038 0.548 4.980 -0.000 0.000 0.020 0.038 -1.099
0.051 0.647 4.980 -0.000 0.000 0.020 0.051 -1.099
0.066 0.747 4.980 -0.000 0.000 0.020 0.066 -1.099
0.083 0.847 4.980 0.000 0.000 0.020 0.083 -1.099
0.102 0.946 4.980 0.000 0.000 0.020 0.102 -1.099
0.123 1.046 4.980 0.000 0.000 0.020 0.123 -1.099
0.145 1.145 4.980 -0.000 0.000 0.020 0.145 -1.099
0.170 1.245 4.980 0.000 0.000 0.020 0.170 -1.099
0.197 1.345 4.980 -0.000 0.000 0.020 0.197 -1.099
0.226 1.444 4.980 0.000 0.000 0.020 0.226 -1.099
0.257 1.544 4.980 -0.000 0.000 0.020 0.257 -1.099
0.290 1.643 4.980 0.000 0.000 0.020 0.290 -1.099
0.325 1.743 4.980 -0.000 0.000 0.020 0.325 -1.099
0.362 1.843 4.980 0.000 0.000 0.020 0.362 -1.099
0.400 1.942 4.980 -0.000 0.000 0.020 0.400 -1.099
0.441 2.042 4.980 -0.000 0.000 0.020 0.441 -1.099
0.484 2.141 4.980 0.000 0.000 0.020 0.484 -1.099
0.529 2.241 4.980 -0.000 0.000 0.020 0.529 -1.099
0.576 2.341 4.980 0.000 0.000 0.020 0.576 -1.099
0.625 2.440 4.980 0.000 0.000 0.020 0.625 -1.099
0.675 2.540 4.980 0.000 0.000 0.020 0.675 -1.099
0.728 2.639 4.980 -0.000 0.000 0.020 0.728 -1.099
0.783 2.739 4.980 0.000 0.000 0.020 0.783 -1.099
0.840 2.839 4.980 0.000 0.000 0.020 0.840 -1.099
0.898 2.938 4.980 0.000 0.000 0.020 0.898 -1.099
0.959 3.038 4.980 -0.000 0.000 0.020 0.959 -1.099
1.022 3.137 4.980 -0.000 0.000 0.020 1.022 -1.099
1.087 3.237 4.980 -0.000 0.000 0.020 1.087 -1.099
1.153 3.337 4.980 0.000 0.000 0.020 1.153 -1.099
1.222 3.436 4.980 -0.000 0.000 0.020 1.222 -1.099
1.293 3.536 4.980 0.000 0.000 0.020 1.293 -1.099
1.366 3.635 4.980 0.000 0.000 0.020 1.366 -1.099
1.440 3.735 4.980 -0.000 0.000 0.020 1.440 -1.099
1.517 3.835 4.980 0.000 0.000 0.020 1.517 -1.099
1.596 3.934 4.980 -0.000 0.000 0.020 1.596 -1.099
1.676 4.034 4.980 -0.000 0.000 0.020 1.676 -1.099
1.759 4.134 4.980 0.000 0.000 0.020 1.759 -1.099
1.844 4.233 4.980 -0.000 0.000 0.020 1.844 -1.099
1.930 4.333 4.980 0.000 0.000 0.020 1.930 -1.099
2.019 4.432 4.980 0.000 0.000 0.020 2.019 -1.099
2.110 4.532 4.980 0.000 0.000 0.020 2.110 -1.099
2.202 4.632 4.980 -0.000 0.000 0.020 2.202 -1.099
2.297 4.731 4.980 0.000 0.000 0.020 2.297 -1.099
2.393 4.821 4.482 -24.901 0.000 0.020 2.393 -1.099
2.491 4.890 3.486 -49.801 0.000 0.020 2.491 -1.099
2.590 4.940 2.490 -49.801 0.000 0.020 2.590 -1.099
2.689 4.970 1.494 -49.801 0.000 0.020 2.689 -1.099
2.789 4.978 0.399 -54.751 0.000 0.020 2.789 -1.099
2.888 4.964 -0.696 -54.751 0.000 0.020 2.888 -1.099
2.987 4.930 -1.692 -49.801 0.000 0.020 2.987 -1.099
3.084 4.877 -2.688 -49.801 0.000 0.020 3.084 -1.099
3.180 4.803 -3.684 -49.801 0.000 0.020 3.180 -1.099
3.275 4.711 -4.581 -44.851 0.000 0.020 3.275 -1.099
3.367 4.612 -4.980 -19.951 0.000 0.020 3.367 -1.099
3.457 4.512 -4.980 -0.000 0.000 0.020 3.457 -1.099
3.545 4.413 -4.980 0.000 0.000 0.020 3.545 -1.099
3.632 4.313 -4.980 -0.000 0.000 0.020 3.632 -1.099
3.716 4.213 -4.980 -0.000 0.000 0.020 3.716 -1.099
3.798 4.114 -4.980 0.000 0.000 0.020 3.798 -1.099
3.878 4.014 -4.980 0.000 0.000 0.020 3.878 -1.099
3.957 3.914 -4.980 -0.000 0.000 0.020 3.957 -1.099
4.033 3.815 -4.980 -0.000 0.000 0.020 4.033 -1.099
4.107 3.715 -4.980 0.000 0.000 0.020 4.107 -1.099
4.180 3.616 -4.980 -0.000 0.000 0.020 4.180 -1.099
4.250 3.516 -4.980 0.000 0.000 0.020 4.250 -1.099
4.318 3.416 -4.980 -0.000 0.000 0.020 4.318 -1.099
4.385 3.317 -4.980 0.000 0.000 0.020 4.385 -1.099
4.449 3.217 -4.980 -0.000 0.000 0.020 4.449 -1.099
4.511 3.118 -4.980 -0.000 0.000 0.020 4.511 -1.099
4.572 3.018 -4.980 0.000 0.000 0.020 4.572 -1.099
4.630 2.918 -4.980 -0.000 0.000 0.020 4.630 -1.099
4.686 2.819 -4.980 0.000 0.000 0.020 4.686 -1.099
4.741 2.719 -4.980 -0.000 0.000 0.020 4.741 -1.099
4.793 2.620 -4.980 0.000 0.000 0.020 4.793 -1.099
4.844 2.520 -4.980 -0.000 0.000 0.020 4.844 -1.099
4.892 2.420 -4.980 0.000 0.000 0.020 4.892 -1.099
4.938 2.321 -4.980 -0.000 0.000 0.020 4.938 -1.099
4.983 2.221 -4.980 0.000 0.000 0.020 4.983 -1.099
5.025 2.122 -4.980 -0.000 0.000 0.020 5.025 -1.099
5.066 2.022 -4.980 0.000 0.000 0.020 5.066 -1.099
5.104 1.922 -4.980 -0.000 0.000 0.020 5.104 -1.099
5.141 1.823 -4.980 0.000 0.000 0.020 5.141 -1.099
5.175 1.723 -4.980 -0.000 0.000 0.020 5.175 -1.099
5.207 1.624 -4.980 0.000 0.000 0.020 5.207 -1.099
5.238 1.524 -4.980 0.000 0.000 0.020 5.238 -1.099
5.266 1.424 -4.980 0.000 0.000 0.020 5.266 -1.099
5.293 1.325 -4.980 0.000 0.000 0.020 5.293 -1.099
5.317 1.225 -4.980 -0.000 0.000 0.020 5.317 -1.099
5.340 1.126 -4.980 0.000 0.000 0.020 5.340 -1.099
5.361 1.026 -4.980 -0.000 0.000 0.020 5.361 -1.099
5.379 0.926 -4.980 0.000 0.000 0.020 5.379 -1.099
5.396 0.827 -4.980 0.000 0.000 0.020 5.396 -1.099
5.410 0.727 -4.980 -0.000 0.000 0.020 5.410 -1.099
5.423 0.628 -4.980 0.000 0.000 0.020 5.423 -1.099
5.433 0.528 -4.980 -0.000 0.000 0.020 5.433 -1.099
5.442 0.428 -4.980 0.000 0.000 0.020 5.442 -1.099
5.448 0.329 -4.980 -0.000 0.000 0.020 5.448 -1.099
5.453 0.231 -4.881 4.950 0.000 0.020 5.453 -1.099
5.456 0.146 -4.284 29.851 0.000 0.020 5.456 -1.099
5.457 0.080 -3.288 49.801 0.000 0.020 5.457 -1.099
5.458 0.034 -2.292 49.801 0.000 0.020 5.458 -1.099
5.458 0.008 -1.296 49.801 0.000 0.020 5.458 -1.099
5.458 0.000 -0.399 44.851 0.000 0.020 5.458 -1.099
