RedLoading
171
0.000 0.020 1.000 50.000 6.283 0.020 0.000 1.099
0.001 0.040 1.000 0.003 6.283 0.020 0.001 1.099
0.003 0.090 2.500 75.014 6.283 0.020 0.003 1.099
0.006 0.160 3.501 50.044 6.283 0.020 0.006 1.099
0.011 0.250 4.503 50.102 6.283 0.020 0.011 1.099
0.018 0.350 5.007 25.176 6.283 0.020 0.018 1.099
0.027 0.450 5.012 0.241 6.283 0.020 0.027 1.099
0.038 0.551 5.018 0.309 6.283 0.020 0.038 1.099
0.051 0.651 5.025 0.376 6.283 0.020 0.051 1.099
0.066 0.752 5.034 0.442 6.283 0.020 0.066 1.099
0.083 0.853 5.044 0.508 6.283 0.020 0.083 1.099
0.102 0.954 5.056 0.572 6.283 0.020 0.102 1.099
0.123 1.055 5.068 0.635 6.283 0.020 0.123 1.099
0.146 1.157 5.082 0.697 6.283 0.020 0.146 1.099
0.172 1.259 5.098 0.758 6.283 0.020 0.172 1.099
0.199 1.361 5.114 0.818 6.282 0.020 0.199 1.099
0.228 1.464 5.131 0.876 6.282 0.020 0.228 1.099
0.260 1.567 5.150 0.933 6.282 0.020 0.260 1.099
0.293 1.670 5.170 0.989 6.281 0.020 0.293 1.099
0.328 1.774 5.191 1.044 6.281 0.020 0.328 1.099
0.366 1.878 5.213 1.098 6.280 0.020 0.366 1.099
0.406 1.983 5.236 1.150 6.280 0.020 0.406 1.099
0.447 2.088 5.260 1.202 6.279 0.020 0.447 1.098
0.491 2.194 5.285 1.254 6.278 0.020 0.491 1.098
0.537 2.300 5.311 1.305 6.277 0.020 0.537 1.098
0.585 2.407 5.338 1.356 6.276 0.020 0.585 1.098
0.636 2.514 5.366 1.406 6.275 0.020 0.636 1.097
0.688 2.622 5.395 1.457 6.274 0.020 0.688 1.097
0.743 2.731 5.425 1.508 6.272 0.020 0.743 1.096
0.800 2.840 5.457 1.560 6.271 0.020 0.800 1.096
0.859 2.950 5.489 1.613 6.269 0.020 0.859 1.095
0.920 3.060 5.522 1.666 6.267 0.020 0.920 1.094
0.983 3.171 5.557 1.721 6.265 0.020 0.983 1.093
1.049 3.283 5.592 1.778 6.262 0.020 1.049 1.092
1.117 3.396 5.629 1.836 6.260 0.020 1.117 1.090
1.187 3.509 5.667 1.896 6.257 0.020 1.187 1.088
1.259 3.623 5.706 1.958 6.254 0.020 1.259 1.086
1.334 3.738 5.747 2.023 6.250 0.020 1.334 1.084
1.411 3.854 5.788 2.089 6.247 0.020 1.411 1.081
1.491 3.970 5.831 2.158 6.243 0.020 1.490 1.078
1.572 4.088 5.876 2.229 6.238 0.020 1.572 1.075
1.657 4.206 5.922 2.301 6.234 0.020 1.656 1.071
1.743 4.326 5.970 2.376 6.229 0.020 1.742 1.066
1.832 4.446 6.019 2.451 6.223 0.020 1.831 1.061
1.923 4.567 6.069 2.527 6.217 0.020 1.922 1.055
2.017 4.690 6.121 2.603 6.211 0.020 2.016 1.049
2.113 4.813 6.175 2.677 6.205 0.020 2.112 1.042
2.212 4.938 6.230 2.749 6.198 0.020 2.210 1.034
2.313 5.064 6.286 2.816 6.190 0.020 2.311 1.025
2.417 5.191 6.344 2.878 6.182 0.020 2.415 1.014
2.523 5.308 5.853 -24.534 6.173 0.020 2.520 1.003
2.631 5.404 4.804 -52.454 6.164 0.020 2.628 0.991
2.741 5.479 3.739 -53.243 6.155 0.020 2.736 0.978
2.852 5.532 2.658 -54.072 6.145 0.020 2.846 0.963
2.963 5.563 1.559 -54.928 6.135 0.020 2.956 0.947
3.075 5.583 1.002 -27.838 6.124 0.020 3.066 0.930
3.187 5.603 0.997 -0.258 6.113 0.020 3.177 0.912
3.299 5.623 0.990 -0.352 6.102 0.020 3.288 0.892
3.412 5.642 0.981 -0.458 6.090 0.020 3.399 0.871
3.525 5.662 0.969 -0.575 6.078 0.020 3.510 0.849
3.639 5.681 0.955 -0.704 6.066 0.020 3.621 0.825
3.753 5.700 0.938 -0.844 6.053 0.020 3.732 0.800
3.867 5.718 0.919 -0.994 6.040 0.020 3.843 0.773
3.982 5.736 0.895 -1.154 6.027 0.020 3.954 0.744
4.097 5.753 0.869 -1.322 6.013 0.020 4.065 0.714
4.212 5.770 0.839 -1.498 5.999 0.020 4.176 0.683
4.328 5.786 0.805 -1.679 5.985 0.020 4.287 0.650
4.444 5.801 0.768 -1.864 5.970 0.020 4.398 0.615
4.560 5.816 0.727 -2.051 5.955 0.020 4.508 0.578
4.677 5.830 0.682 -2.237 5.940 0.020 4.618 0.540
4.794 5.842 0.634 -2.420 5.925 0.020 4.728 0.500
4.911 5.854 0.582 -2.597 5.909 0.020 4.837 0.458
5.028 5.864 0.527 -2.766 5.894 0.020 4.946 0.414
5.146 5.874 0.468 -2.924 5.878 0.020 5.054 0.368
5.263 5.882 0.407 -3.068 5.862 0.020 5.162 0.321
5.381 5.889 0.343 -3.196 5.845 0.020 5.269 0.272
5.499 5.894 0.277 -3.305 5.829 0.020 5.376 0.221
5.617 5.899 0.209 -3.393 5.813 0.020 5.481 0.169
5.735 5.901 0.140 -3.459 5.796 0.020 5.586 0.114
5.853 5.903 0.070 -3.501 5.780 0.020 5.690 0.058
5.971 5.903 -0.000 -3.518 5.764 0.020 5.793 0.000
6.089 5.901 -0.071 -3.510 5.747 0.020 5.895 -0.059
6.207 5.899 -0.140 -3.477 5.731 0.020 5.996 -0.120
6.325 5.894 -0.209 -3.420 5.715 0.020 6.096 -0.183
6.443 5.889 -0.275 -3.339 5.698 0.020 6.194 -0.247
6.560 5.882 -0.340 -3.236 5.682 0.020 6.292 -0.313
6.678 5.874 -0.402 -3.113 5.666 0.020 6.388 -0.380
6.795 5.865 -0.462 -2.972 5.651 0.020 6.483 -0.448
6.912 5.854 -0.518 -2.815 5.635 0.020 6.577 -0.518
7.029 5.843 -0.571 -2.646 5.620 0.020 6.670 -0.590
7.146 5.831 -0.620 -2.466 5.605 0.020 6.761 -0.662
7.262 5.817 -0.666 -2.278 5.590 0.020 6.851 -0.736
7.378 5.803 -0.708 -2.086 5.575 0.020 6.940 -0.811
7.494 5.788 -0.745 -1.891 5.561 0.020 7.027 -0.887
7.609 5.773 -0.779 -1.696 5.547 0.020 7.113 -0.964
7.724 5.756 -0.809 -1.503 5.533 0.020 7.198 -1.042
7.839 5.740 -0.836 -1.314 5.519 0.020 7.282 -1.120
7.954 5.723 -0.858 -1.132 5.506 0.020 7.364 -1.200
8.068 5.705 -0.877 -0.956 5.494 0.020 7.445 -1.281
8.182 5.687 -0.893 -0.789 5.481 0.020 7.524 -1.362
8.295 5.669 -0.906 -0.631 5.469 0.020 7.602 -1.444
8.408 5.651 -0.916 -0.484 5.457 0.020 7.680 -1.526
8.521 5.632 -0.922 -0.347 5.445 0.020 7.755 -1.610
8.633 5.614 -0.927 -0.221 5.434 0.020 7.830 -1.694
8.745 5.595 -0.929 -0.105 5.423 0.020 7.904 -1.778
8.856 5.577 -0.929 -0.001 5.413 0.020 7.976 -1.863
8.967 5.558 -0.927 0.093 5.403 0.020 8.047 -1.948
9.078 5.540 -0.924 0.176 5.393 0.020 8.117 -2.034
9.189 5.521 -0.919 0.250 5.384 0.020 8.186 -2.120
9.299 5.503 -0.912 0.314 5.374 0.020 8.254 -2.207
9.408 5.485 -0.905 0.369 5.366 0.020 8.321 -2.293
9.518 5.467 -0.897 0.416 5.357 0.020 8.387 -2.381
9.627 5.449 -0.888 0.455 5.349 0.020 8.453 -2.468
9.735 5.432 -0.878 0.486 5.341 0.020 8.517 -2.556
9.844 5.414 -0.868 0.511 5.333 0.020 8.580 -2.643
9.951 5.394 -1.026 -7.908 5.326 0.020 8.643 -2.731
10.059 5.359 -1.719 -34.649 5.319 0.020 8.704 -2.819
10.165 5.304 -2.771 -52.601 5.313 0.020 8.764 -2.907
10.269 5.228 -3.810 -51.965 5.307 0.020 8.823 -2.993
10.372 5.131 -4.837 -51.370 5.301 0.020 8.880 -3.078
10.472 5.017 -5.688 -42.506 5.295 0.020 8.936 -3.162
10.570 4.897 -6.000 -15.622 5.290 0.020 8.989 -3.244
10.666 4.778 -5.948 2.602 5.286 0.020 9.041 -3.324
10.759 4.660 -5.898 2.494 5.281 0.020 9.092 -3.402
10.850 4.543 -5.850 2.388 5.277 0.020 9.141 -3.479
10.938 4.427 -5.805 2.287 5.273 0.020 9.188 -3.554
11.025 4.312 -5.761 2.189 5.270 0.020 9.234 -3.627
11.109 4.198 -5.719 2.095 5.267 0.020 9.278 -3.698
11.190 4.084 -5.679 2.006 5.264 0.020 9.321 -3.768
11.270 3.971 -5.640 1.920 5.261 0.020 9.362 -3.835
11.347 3.859 -5.604 1.838 5.258 0.020 9.402 -3.901
11.422 3.748 -5.568 1.760 5.256 0.020 9.441 -3.965
11.495 3.637 -5.535 1.686 5.254 0.020 9.479 -4.028
11.565 3.527 -5.502 1.614 5.252 0.020 9.515 -4.088
11.633 3.418 -5.472 1.546 5.250 0.020 9.550 -4.147
11.700 3.309 -5.442 1.481 5.248 0.020 9.584 -4.204
11.764 3.200 -5.414 1.419 5.247 0.020 9.617 -4.259
11.826 3.093 -5.386 1.359 5.245 0.020 9.648 -4.312
11.885 2.986 -5.360 1.302 5.244 0.020 9.678 -4.364
11.943 2.879 -5.335 1.246 5.243 0.020 9.708 -4.413
11.998 2.773 -5.311 1.193 5.242 0.020 9.736 -4.461
12.052 2.667 -5.289 1.142 5.241 0.020 9.763 -4.507
12.103 2.562 -5.267 1.092 5.241 0.020 9.788 -4.551
12.152 2.457 -5.246 1.043 5.240 0.020 9.813 -4.594
12.199 2.352 -5.226 0.996 5.239 0.020 9.837 -4.634
12.244 2.248 -5.207 0.950 5.239 0.020 9.859 -4.673
12.287 2.144 -5.189 0.905 5.238 0.020 9.881 -4.710
12.328 2.041 -5.172 0.860 5.238 0.020 9.901 -4.746
12.366 1.938 -5.155 0.817 5.237 0.020 9.921 -4.779
12.403 1.835 -5.140 0.774 5.237 0.020 9.939 -4.811
12.438 1.732 -5.125 0.732 5.237 0.020 9.957 -4.841
12.470 1.630 -5.112 0.690 5.237 0.020 9.973 -4.869
12.501 1.528 -5.099 0.649 5.237 0.020 9.988 -4.896
12.529 1.426 -5.086 0.608 5.236 0.020 10.003 -4.920
12.556 1.325 -5.075 0.567 5.236 0.020 10.016 -4.943
12.580 1.224 -5.065 0.527 5.236 0.020 10.028 -4.964
12.603 1.122 -5.055 0.486 5.236 0.020 10.039 -4.984
12.623 1.022 -5.046 0.446 5.236 0.020 10.049 -5.002
12.642 0.921 -5.038 0.406 5.236 0.020 10.059 -5.018
12.658 0.820 -5.030 0.366 5.236 0.020 10.067 -5.032
12.672 0.720 -5.024 0.326 5.236 0.020 10.074 -5.044
12.685 0.619 -5.018 0.286 5.236 0.020 10.080 -5.055
12.695 0.519 -5.013 0.246 5.236 0.020 10.085 -5.064
12.704 0.419 -5.009 0.207 5.236 0.020 10.090 -5.071
12.710 0.319 -5.006 0.167 5.236 0.020 10.093 -5.077
12.714 0.222 -4.847 7.957 5.236 0.020 10.095 -5.081
12.717 0.138 -4.188 32.917 5.236 0.020 10.096 -5.083
12.719 0.074 -3.187 50.047 5.236 0.020 10.097 -5.084
12.719 0.031 -2.187 50.019 5.236 0.020 10.097 -5.085
12.719 0.007 -1.187 50.006 5.236 0.020 10.098 -5.085
12.719 0.000 -0.343 42.172 5.236 0.020 10.098 -5.085
0.000 0.020 1.000 50.000 6.283 0.020 0.000 -1.099
0.001 0.040 1.000 -0.003 6.283 0.020 0.001 -1.099
0.003 0.090 2.500 74.986 6.283 0.020 0.003 -1.099
0.006 0.160 3.499 49.956 6.283 0.020 0.006 -1.099
0.011 0.250 4.497 49.898 6.283 0.020 0.011 -1.099
0.018 0.350 4.993 24.824 6.283 0.020 0.018 -1.099
0.027 0.450 4.988 -0.241 6.283 0.020 0.027 -1.099
0.038 0.549 4.982 -0.309 6.283 0.020 0.038 -1.099
0.051 0.649 4.975 -0.376 6.283 0.020 0.051 -1.099
0.066 0.748 4.966 -0.442 6.283 0.020 0.066 -1.099
0.083 0.847 4.956 -0.508 6.283 0.020 0.083 -1.099
0.102 0.946 4.944 -0.572 6.283 0.020 0.102 -1.099
0.123 1.045 4.932 -0.635 6.283 0.020 0.123 -1.099
0.146 1.143 4.918 -0.697 6.283 0.020 0.146 -1.099
0.170 1.241 4.902 -0.758 6.283 0.020 0.170 -1.099
0.197 1.339 4.886 -0.818 6.282 0.020 0.197 -1.099
0.226 1.436 4.869 -0.876 6.282 0.020 0.226 -1.099
0.256 1.533 4.850 -0.933 6.282 0.020 0.256 -1.099
0.289 1.630 4.830 -0.989 6.281 0.020 0.289 -1.099
0.324 1.726 4.809 -1.044 6.281 0.020 0.324 -1.099
0.360 1.822 4.787 -1.098 6.280 0.020 0.360 -1.099
0.398 1.917 4.764 -1.150 6.280 0.020 0.398 -1.099
0.439 2.012 4.740 -1.202 6.279 0.020 0.439 -1.100
0.481 2.106 4.715 -1.254 6.278 0.020 0.481 -1.100
0.525 2.200 4.689 -1.305 6.277 0.020 0.525 -1.100
0.571 2.293 4.662 -1.356 6.276 0.020 0.571 -1.100
0.618 2.386 4.634 -1.406 6.275 0.020 0.618 -1.101
0.668 2.478 4.605 -1.457 6.274 0.020 0.668 -1.101
0.719 2.569 4.575 -1.508 6.272 0.020 0.719 -1.102
0.772 2.660 4.543 -1.560 6.271 0.020 0.772 -1.102
0.827 2.750 4.511 -1.613 6.269 0.020 0.827 -1.103
0.884 2.840 4.478 -1.666 6.267 0.020 0.884 -1.104
0.943 2.929 4.443 -1.721 6.265 0.020 0.943 -1.105
1.003 3.017 4.408 -1.778 6.262 0.020 1.003 -1.106
1.065 3.104 4.371 -1.836 6.260 0.020 1.065 -1.107
1.129 3.191 4.333 -1.896 6.257 0.020 1.129 -1.109
1.195 3.277 4.294 -1.959 6.254 0.020 1.195 -1.111
1.262 3.362 4.253 -2.023 6.250 0.020 1.262 -1.113
1.331 3.446 4.212 -2.090 6.247 0.020 1.331 -1.115
1.401 3.530 4.168 -2.158 6.243 0.020 1.401 -1.118
1.474 3.612 4.124 -2.229 6.238 0.020 1.473 -1.121
1.547 3.694 4.078 -2.302 6.234 0.020 1.547 -1.124
1.623 3.774 4.030 -2.376 6.229 0.020 1.622 -1.128
1.700 3.854 3.981 -2.452 6.223 0.020 1.699 -1.133
1.779 3.932 3.931 -2.528 6.217 0.020 1.778 -1.138
1.859 4.010 3.879 -2.603 6.211 0.020 1.858 -1.143
1.941 4.087 3.825 -2.678 6.205 0.020 1.939 -1.149
2.024 4.162 3.770 -2.750 6.198 0.020 2.022 -1.156
2.109 4.236 3.714 -2.817 6.190 0.020 2.107 -1.164
2.195 4.309 3.656 -2.879 6.182 0.020 2.193 -1.172
2.282 4.372 3.147 -25.467 6.173 0.020 2.280 -1.181
2.371 4.416 2.196 -47.546 6.164 0.020 2.367 -1.191
2.459 4.441 1.261 -46.756 6.155 0.020 2.455 -1.202
2.548 4.448 0.342 -45.928 6.145 0.020 2.544 -1.214
2.637 4.437 -0.559 -45.071 6.135 0.020 2.631 -1.227
2.725 4.417 -1.002 -22.161 6.124 0.020 2.719 -1.240
2.813 4.397 -0.997 0.258 6.113 0.020 2.806 -1.255
2.901 4.377 -0.990 0.352 6.102 0.020 2.892 -1.270
2.988 4.358 -0.981 0.458 6.090 0.020 2.977 -1.286
3.075 4.338 -0.970 0.575 6.078 0.020 3.062 -1.303
3.161 4.319 -0.955 0.704 6.066 0.020 3.147 -1.321
3.247 4.300 -0.939 0.844 6.053 0.020 3.231 -1.341
3.333 4.282 -0.919 0.994 6.040 0.020 3.314 -1.361
3.418 4.264 -0.896 1.154 6.027 0.020 3.397 -1.382
3.503 4.247 -0.869 1.322 6.013 0.020 3.479 -1.404
3.588 4.230 -0.839 1.498 5.999 0.020 3.560 -1.427
3.672 4.214 -0.806 1.679 5.985 0.020 3.641 -1.451
3.756 4.198 -0.768 1.864 5.970 0.020 3.721 -1.476
3.840 4.184 -0.727 2.051 5.955 0.020 3.800 -1.503
3.923 4.170 -0.683 2.237 5.940 0.020 3.879 -1.530
4.006 4.158 -0.634 2.420 5.925 0.020 3.957 -1.559
4.089 4.146 -0.582 2.597 5.909 0.020 4.035 -1.588
4.172 4.135 -0.527 2.766 5.894 0.020 4.111 -1.619
4.254 4.126 -0.468 2.924 5.878 0.020 4.187 -1.651
4.337 4.118 -0.407 3.069 5.862 0.020 4.263 -1.684
4.419 4.111 -0.343 3.196 5.845 0.020 4.338 -1.719
4.501 4.106 -0.277 3.306 5.829 0.020 4.412 -1.754
4.583 4.101 -0.209 3.394 5.813 0.020 4.485 -1.791
4.665 4.099 -0.140 3.460 5.796 0.020 4.558 -1.828
4.747 4.097 -0.070 3.502 5.780 0.020 4.630 -1.867
4.829 4.097 0.000 3.519 5.764 0.020 4.701 -1.907
4.911 4.099 0.071 3.511 5.747 0.020 4.772 -1.949
4.993 4.101 0.140 3.478 5.731 0.020 4.842 -1.991
5.075 4.106 0.209 3.421 5.715 0.020 4.912 -2.035
5.157 4.111 0.275 3.340 5.698 0.020 4.981 -2.080
5.240 4.118 0.340 3.237 5.682 0.020 5.049 -2.126
5.322 4.126 0.402 3.114 5.666 0.020 5.117 -2.173
5.405 4.135 0.462 2.972 5.651 0.020 5.184 -2.221
5.488 4.146 0.518 2.816 5.635 0.020 5.250 -2.271
5.571 4.157 0.571 2.646 5.620 0.020 5.316 -2.321
5.654 4.169 0.620 2.466 5.605 0.020 5.382 -2.373
5.738 4.183 0.666 2.278 5.590 0.020 5.446 -2.426
5.822 4.197 0.708 2.086 5.575 0.020 5.510 -2.480
5.906 4.212 0.746 1.891 5.561 0.020 5.574 -2.536
5.991 4.227 0.780 1.696 5.547 0.020 5.637 -2.592
6.075 4.244 0.810 1.503 5.533 0.020 5.700 -2.649
6.161 4.260 0.836 1.315 5.519 0.020 5.761 -2.708
6.246 4.277 0.859 1.132 5.506 0.020 5.823 -2.767
6.332 4.295 0.878 0.956 5.494 0.020 5.884 -2.828
6.418 4.313 0.893 0.789 5.481 0.020 5.944 -2.890
6.505 4.331 0.906 0.631 5.469 0.020 6.004 -2.952
6.592 4.349 0.916 0.484 5.457 0.020 6.063 -3.016
6.679 4.368 0.923 0.347 5.445 0.020 6.122 -3.081
6.767 4.386 0.927 0.220 5.434 0.020 6.180 -3.146
6.855 4.405 0.929 0.105 5.423 0.020 6.238 -3.212
6.944 4.423 0.929 0.001 5.413 0.020 6.296 -3.280
7.032 4.442 0.927 -0.093 5.403 0.020 6.353 -3.348
7.122 4.460 0.924 -0.177 5.393 0.020 6.409 -3.417
7.211 4.479 0.919 -0.250 5.384 0.020 6.465 -3.487
7.301 4.497 0.912 -0.314 5.374 0.020 6.521 -3.558
7.392 4.515 0.905 -0.369 5.366 0.020 6.576 -3.629
7.482 4.533 0.897 -0.416 5.357 0.020 6.631 -3.701
7.573 4.551 0.888 -0.455 5.349 0.020 6.685 -3.774
7.665 4.568 0.878 -0.487 5.341 0.020 6.739 -3.848
7.756 4.586 0.868 -0.511 5.333 0.020 6.793 -3.922
7.848 4.600 0.713 -7.751 5.326 0.020 6.846 -3.997
7.940 4.602 0.093 -31.010 5.319 0.020 6.899 -4.073
8.032 4.585 -0.855 -47.399 5.313 0.020 6.951 -4.148
8.123 4.548 -1.816 -48.035 5.307 0.020 7.002 -4.224
8.213 4.493 -2.789 -48.630 5.301 0.020 7.052 -4.298
8.301 4.420 -3.625 -41.835 5.295 0.020 7.101 -4.372
8.388 4.340 -4.000 -18.720 5.290 0.020 7.149 -4.444
8.473 4.259 -4.052 -2.603 5.286 0.020 7.195 -4.516
8.557 4.177 -4.102 -2.494 5.281 0.020 7.240 -4.586
8.639 4.094 -4.150 -2.389 5.277 0.020 7.284 -4.655
8.719 4.010 -4.195 -2.287 5.273 0.020 7.327 -4.723
8.797 3.925 -4.239 -2.189 5.270 0.020 7.368 -4.790
8.874 3.840 -4.281 -2.096 5.267 0.020 7.409 -4.855
8.949 3.753 -4.321 -2.006 5.264 0.020 7.448 -4.919
9.023 3.666 -4.360 -1.920 5.261 0.020 7.487 -4.981
9.094 3.578 -4.396 -1.839 5.258 0.020 7.524 -5.042
9.164 3.490 -4.432 -1.760 5.256 0.020 7.560 -5.102
9.232 3.400 -4.465 -1.686 5.254 0.020 7.595 -5.160
9.298 3.310 -4.498 -1.615 5.252 0.020 7.629 -5.217
9.363 3.220 -4.528 -1.547 5.250 0.020 7.662 -5.272
9.425 3.129 -4.558 -1.481 5.248 0.020 7.694 -5.326
9.486 3.037 -4.586 -1.419 5.247 0.020 7.725 -5.378
9.545 2.945 -4.614 -1.359 5.245 0.020 7.755 -5.429
9.602 2.852 -4.640 -1.302 5.244 0.020 7.784 -5.478
9.657 2.759 -4.665 -1.247 5.243 0.020 7.812 -5.526
9.710 2.665 -4.689 -1.193 5.242 0.020 7.839 -5.572
9.762 2.571 -4.711 -1.142 5.241 0.020 7.865 -5.616
9.811 2.476 -4.733 -1.092 5.241 0.020 7.890 -5.659
9.859 2.381 -4.754 -1.043 5.240 0.020 7.914 -5.700
9.904 2.285 -4.774 -0.996 5.239 0.020 7.937 -5.740
9.948 2.189 -4.793 -0.950 5.239 0.020 7.959 -5.777
9.990 2.093 -4.811 -0.905 5.238 0.020 7.980 -5.814
10.030 1.997 -4.828 -0.860 5.238 0.020 8.000 -5.848
10.068 1.900 -4.845 -0.817 5.237 0.020 8.019 -5.881
10.104 1.803 -4.860 -0.774 5.237 0.020 8.037 -5.912
10.138 1.705 -4.875 -0.732 5.237 0.020 8.054 -5.942
10.170 1.607 -4.888 -0.690 5.237 0.020 8.070 -5.970
10.201 1.509 -4.901 -0.649 5.237 0.020 8.085 -5.996
10.229 1.411 -4.914 -0.608 5.236 0.020 8.100 -6.020
10.255 1.313 -4.925 -0.567 5.236 0.020 8.113 -6.043
10.279 1.214 -4.935 -0.527 5.236 0.020 8.125 -6.064
10.302 1.115 -4.945 -0.486 5.236 0.020 8.136 -6.083
10.322 1.016 -4.954 -0.446 5.236 0.020 8.146 -6.101
10.340 0.917 -4.962 -0.406 5.236 0.020 8.155 -6.117
10.357 0.817 -4.970 -0.366 5.236 0.020 8.163 -6.131
10.371 0.718 -4.976 -0.326 5.236 0.020 8.171 -6.143
10.383 0.618 -4.982 -0.286 5.236 0.020 8.177 -6.154
10.394 0.518 -4.987 -0.246 5.236 0.020 8.182 -6.163
10.402 0.418 -4.991 -0.207 5.236 0.020 8.186 -6.170
10.408 0.319 -4.994 -0.167 5.236 0.020 8.189 -6.176
10.413 0.222 -4.840 7.701 5.236 0.020 8.192 -6.180
10.416 0.138 -4.185 32.742 5.236 0.020 8.193 -6.182
10.417 0.074 -3.186 49.953 5.236 0.020 8.194 -6.183
10.418 0.031 -2.187 49.981 5.236 0.020 8.194 -6.184
10.418 0.007 -1.187 49.994 5.236 0.020 8.194 -6.184
10.418 0.000 -0.343 42.170 5.236 0.020 8.194 -6.184
