RedLoadingVision
160
0.000 0.020 1.000 50.000 6.283 0.020 0.000 1.099
0.001 0.040 1.000 0.002 6.283 0.020 0.001 1.099
0.003 0.090 2.500 75.010 6.283 0.020 0.003 1.099
0.006 0.160 3.501 50.030 6.283 0.020 0.006 1.099
0.011 0.250 4.502 50.070 6.283 0.020 0.011 1.099
0.018 0.350 5.005 25.121 6.283 0.020 0.018 1.099
0.027 0.450 5.008 0.166 6.283 0.020 0.027 1.099
0.038 0.551 5.012 0.213 6.283 0.020 0.038 1.099
0.051 0.651 5.017 0.261 6.283 0.020 0.051 1.099
0.066 0.751 5.024 0.308 6.283 0.020 0.066 1.099
0.083 0.852 5.031 0.356 6.283 0.020 0.083 1.099
0.102 0.953 5.039 0.403 6.283 0.020 0.102 1.099
0.123 1.054 5.048 0.451 6.283 0.020 0.123 1.099
0.146 1.155 5.058 0.499 6.283 0.020 0.146 1.099
0.171 1.256 5.069 0.547 6.283 0.020 0.171 1.099
0.199 1.358 5.081 0.596 6.283 0.020 0.199 1.099
0.228 1.460 5.094 0.645 6.282 0.020 0.228 1.099
0.259 1.562 5.107 0.694 6.282 0.020 0.259 1.099
0.292 1.664 5.122 0.744 6.282 0.020 0.292 1.099
0.328 1.767 5.138 0.794 6.282 0.020 0.328 1.099
0.365 1.870 5.155 0.845 6.281 0.020 0.365 1.099
0.405 1.974 5.173 0.896 6.281 0.020 0.405 1.099
0.446 2.078 5.192 0.949 6.280 0.020 0.446 1.099
0.490 2.182 5.212 1.002 6.280 0.020 0.490 1.098
0.535 2.286 5.233 1.057 6.279 0.020 0.535 1.098
0.583 2.392 5.255 1.113 6.278 0.020 0.583 1.098
0.633 2.497 5.279 1.170 6.278 0.020 0.633 1.098
0.685 2.603 5.303 1.229 6.277 0.020 0.685 1.097
0.740 2.710 5.329 1.290 6.275 0.020 0.739 1.097
0.796 2.817 5.356 1.353 6.274 0.020 0.796 1.097
0.854 2.925 5.385 1.419 6.273 0.020 0.854 1.096
0.915 3.033 5.414 1.487 6.271 0.020 0.915 1.095
0.978 3.142 5.446 1.557 6.270 0.020 0.978 1.095
1.043 3.251 5.478 1.631 6.268 0.020 1.043 1.094
1.110 3.362 5.512 1.708 6.266 0.020 1.110 1.093
1.180 3.473 5.548 1.788 6.264 0.020 1.179 1.091
1.251 3.584 5.586 1.873 6.261 0.020 1.251 1.090
1.325 3.697 5.625 1.961 6.258 0.020 1.325 1.088
1.401 3.810 5.666 2.055 6.256 0.020 1.401 1.086
1.480 3.924 5.709 2.152 6.252 0.020 1.480 1.084
1.561 4.039 5.754 2.255 6.249 0.020 1.560 1.081
1.644 4.155 5.801 2.363 6.245 0.020 1.643 1.078
1.729 4.272 5.851 2.476 6.241 0.020 1.729 1.075
1.817 4.390 5.903 2.595 6.237 0.020 1.817 1.071
1.907 4.510 5.957 2.718 6.232 0.020 1.907 1.066
2.000 4.630 6.014 2.847 6.227 0.020 1.999 1.061
2.095 4.751 6.074 2.981 6.221 0.020 2.094 1.056
2.192 4.874 6.136 3.120 6.216 0.020 2.191 1.050
2.292 4.998 6.201 3.262 6.209 0.020 2.291 1.042
2.395 5.123 6.269 3.407 6.202 0.020 2.393 1.035
2.499 5.239 5.798 -23.560 6.195 0.020 2.498 1.026
2.606 5.335 4.777 -51.039 6.187 0.020 2.604 1.016
2.714 5.410 3.742 -51.760 6.179 0.020 2.711 1.005
2.824 5.464 2.691 -52.543 6.171 0.020 2.820 0.993
2.934 5.496 1.624 -53.382 6.162 0.020 2.929 0.981
3.044 5.518 1.091 -26.625 6.152 0.020 3.039 0.967
3.155 5.540 1.104 0.646 6.142 0.020 3.149 0.952
3.266 5.562 1.116 0.586 6.132 0.020 3.259 0.935
3.378 5.585 1.126 0.512 6.121 0.020 3.369 0.918
3.490 5.608 1.135 0.424 6.110 0.020 3.480 0.899
3.602 5.630 1.141 0.321 6.099 0.020 3.590 0.879
3.716 5.653 1.145 0.201 6.087 0.020 3.701 0.858
3.829 5.676 1.146 0.064 6.075 0.020 3.813 0.835
3.943 5.699 1.144 -0.091 6.062 0.020 3.924 0.811
4.057 5.722 1.139 -0.265 6.049 0.020 4.035 0.785
4.172 5.744 1.130 -0.456 6.035 0.020 4.147 0.758
4.288 5.767 1.117 -0.666 6.021 0.020 4.259 0.729
4.403 5.789 1.099 -0.894 6.007 0.020 4.370 0.698
4.520 5.810 1.076 -1.139 5.992 0.020 4.482 0.665
4.636 5.831 1.048 -1.400 5.977 0.020 4.593 0.631
4.753 5.852 1.015 -1.674 5.962 0.020 4.705 0.595
4.871 5.871 0.975 -1.959 5.946 0.020 4.816 0.557
4.989 5.890 0.930 -2.253 5.930 0.020 4.927 0.517
5.107 5.907 0.879 -2.551 5.913 0.020 5.037 0.475
5.225 5.924 0.822 -2.849 5.896 0.020 5.147 0.432
5.344 5.939 0.759 -3.144 5.879 0.020 5.257 0.386
5.463 5.953 0.691 -3.430 5.862 0.020 5.366 0.338
5.582 5.965 0.617 -3.702 5.844 0.020 5.474 0.288
5.702 5.976 0.538 -3.956 5.827 0.020 5.582 0.237
5.821 5.985 0.454 -4.185 5.809 0.020 5.689 0.183
5.941 5.992 0.366 -4.386 5.791 0.020 5.795 0.127
6.061 5.998 0.275 -4.554 5.772 0.020 5.900 0.069
6.181 6.001 0.181 -4.685 5.754 0.020 6.004 0.010
6.301 6.003 0.086 -4.777 5.736 0.020 6.107 -0.052
6.421 6.003 -0.011 -4.827 5.718 0.020 6.209 -0.115
6.541 6.001 -0.107 -4.835 5.699 0.020 6.310 -0.180
6.661 5.997 -0.203 -4.800 5.681 0.020 6.410 -0.247
6.781 5.991 -0.298 -4.723 5.663 0.020 6.508 -0.316
6.901 5.983 -0.390 -4.606 5.645 0.020 6.605 -0.387
7.020 5.973 -0.479 -4.453 5.628 0.020 6.700 -0.458
7.140 5.962 -0.564 -4.266 5.610 0.020 6.794 -0.532
7.259 5.949 -0.645 -4.051 5.593 0.020 6.886 -0.607
7.377 5.935 -0.722 -3.812 5.576 0.020 6.977 -0.683
7.496 5.919 -0.793 -3.553 5.559 0.020 7.066 -0.761
7.614 5.902 -0.858 -3.281 5.543 0.020 7.154 -0.840
7.731 5.883 -0.918 -3.000 5.527 0.020 7.240 -0.920
7.849 5.864 -0.972 -2.715 5.511 0.020 7.325 -1.001
7.965 5.843 -1.021 -2.431 5.496 0.020 7.408 -1.083
8.082 5.822 -1.064 -2.151 5.481 0.020 7.490 -1.166
8.198 5.800 -1.102 -1.880 5.466 0.020 7.570 -1.250
8.313 5.777 -1.134 -1.621 5.452 0.020 7.648 -1.335
8.429 5.754 -1.162 -1.376 5.438 0.020 7.725 -1.421
8.543 5.730 -1.185 -1.147 5.425 0.020 7.801 -1.507
8.657 5.706 -1.203 -0.936 5.412 0.020 7.875 -1.594
8.771 5.676 -1.544 -17.033 5.400 0.020 7.947 -1.681
8.883 5.627 -2.440 -44.803 5.388 0.020 8.018 -1.769
8.994 5.556 -3.557 -55.828 5.376 0.020 8.087 -1.856
9.104 5.463 -4.651 -54.717 5.366 0.020 8.154 -1.942
9.211 5.348 -5.724 -53.651 5.355 0.020 8.218 -2.027
9.315 5.219 -6.458 -36.701 5.346 0.020 8.281 -2.111
9.417 5.086 -6.626 -8.397 5.337 0.020 8.340 -2.194
9.516 4.955 -6.556 3.475 5.328 0.020 8.398 -2.274
9.612 4.826 -6.488 3.425 5.321 0.020 8.454 -2.353
9.706 4.697 -6.421 3.360 5.313 0.020 8.507 -2.430
9.798 4.570 -6.355 3.283 5.306 0.020 8.558 -2.506
9.887 4.444 -6.291 3.200 5.300 0.020 8.608 -2.580
9.973 4.320 -6.229 3.111 5.294 0.020 8.655 -2.652
10.057 4.196 -6.168 3.019 5.288 0.020 8.701 -2.722
10.138 4.074 -6.110 2.926 5.283 0.020 8.746 -2.791
10.217 3.953 -6.053 2.833 5.279 0.020 8.788 -2.857
10.294 3.833 -5.999 2.741 5.274 0.020 8.829 -2.922
10.368 3.714 -5.945 2.650 5.270 0.020 8.869 -2.985
10.440 3.596 -5.894 2.562 5.266 0.020 8.907 -3.046
10.510 3.479 -5.845 2.477 5.263 0.020 8.943 -3.105
10.577 3.363 -5.797 2.394 5.260 0.020 8.978 -3.163
10.642 3.248 -5.751 2.314 5.257 0.020 9.012 -3.218
10.705 3.134 -5.706 2.237 5.255 0.020 9.044 -3.272
10.765 3.021 -5.663 2.163 5.252 0.020 9.075 -3.324
10.823 2.909 -5.621 2.091 5.250 0.020 9.105 -3.374
10.879 2.797 -5.580 2.021 5.248 0.020 9.134 -3.422
10.933 2.686 -5.541 1.953 5.246 0.020 9.161 -3.468
10.985 2.576 -5.504 1.887 5.245 0.020 9.187 -3.512
11.034 2.467 -5.467 1.822 5.244 0.020 9.212 -3.555
11.081 2.358 -5.432 1.758 5.242 0.020 9.236 -3.595
11.126 2.250 -5.398 1.695 5.241 0.020 9.259 -3.634
11.169 2.143 -5.365 1.632 5.240 0.020 9.281 -3.671
11.210 2.036 -5.334 1.570 5.240 0.020 9.301 -3.706
11.248 1.930 -5.304 1.507 5.239 0.020 9.321 -3.740
11.285 1.825 -5.275 1.444 5.238 0.020 9.339 -3.771
11.319 1.720 -5.247 1.380 5.238 0.020 9.356 -3.801
11.351 1.615 -5.221 1.314 5.237 0.020 9.372 -3.829
11.382 1.511 -5.196 1.248 5.237 0.020 9.388 -3.855
11.410 1.408 -5.173 1.181 5.237 0.020 9.402 -3.880
11.436 1.305 -5.150 1.112 5.237 0.020 9.415 -3.902
11.460 1.202 -5.129 1.041 5.236 0.020 9.427 -3.923
11.482 1.100 -5.110 0.969 5.236 0.020 9.438 -3.942
11.502 0.998 -5.092 0.895 5.236 0.020 9.448 -3.959
11.520 0.897 -5.076 0.820 5.236 0.020 9.457 -3.975
11.536 0.795 -5.061 0.743 5.236 0.020 9.465 -3.989
11.550 0.695 -5.048 0.664 5.236 0.020 9.472 -4.001
11.562 0.594 -5.036 0.584 5.236 0.020 9.478 -4.011
11.571 0.493 -5.026 0.502 5.236 0.020 9.482 -4.020
11.579 0.393 -5.018 0.419 5.236 0.020 9.486 -4.026
11.585 0.293 -5.011 0.335 5.236 0.020 9.489 -4.031
11.589 0.198 -4.718 14.619 5.236 0.020 9.491 -4.035
11.592 0.120 -3.928 39.530 5.236 0.020 9.493 -4.037
11.593 0.061 -2.926 50.083 5.236 0.020 9.493 -4.038
11.593 0.023 -1.926 50.032 5.236 0.020 9.493 -4.038
11.593 0.004 -0.925 50.008 5.236 0.020 9.493 -4.038
11.593 0.000 -0.213 35.636 5.236 0.020 9.493 -4.038
0.000 0.020 1.000 50.000 6.283 0.020 0.000 -1.099
0.001 0.040 1.000 -0.002 6.283 0.020 0.001 -1.099
0.003 0.090 2.500 74.990 6.283 0.020 0.003 -1.099
0.006 0.160 3.499 49.970 6.283 0.020 0.006 -1.099
0.011 0.250 4.498 49.930 6.283 0.020 0.011 -1.099
0.018 0.350 4.995 24.879 6.283 0.020 0.018 -1.099
0.027 0.450 4.992 -0.166 6.283 0.020 0.027 -1.099
0.038 0.549 4.988 -0.213 6.283 0.020 0.038 -1.099
0.051 0.649 4.983 -0.261 6.283 0.020 0.051 -1.099
0.066 0.749 4.976 -0.308 6.283 0.020 0.066 -1.099
0.083 0.848 4.969 -0.356 6.283 0.020 0.083 -1.099
0.102 0.947 4.961 -0.403 6.283 0.020 0.102 -1.099
0.123 1.046 4.952 -0.451 6.283 0.020 0.123 -1.099
0.146 1.145 4.942 -0.499 6.283 0.020 0.146 -1.099
0.171 1.244 4.931 -0.547 6.283 0.020 0.171 -1.099
0.197 1.342 4.919 -0.596 6.283 0.020 0.197 -1.099
0.226 1.440 4.906 -0.645 6.282 0.020 0.226 -1.099
0.257 1.538 4.893 -0.694 6.282 0.020 0.257 -1.099
0.290 1.636 4.878 -0.744 6.282 0.020 0.290 -1.099
0.324 1.733 4.862 -0.794 6.282 0.020 0.324 -1.099
0.361 1.830 4.845 -0.845 6.281 0.020 0.361 -1.099
0.399 1.926 4.827 -0.896 6.281 0.020 0.399 -1.099
0.440 2.022 4.808 -0.949 6.280 0.020 0.440 -1.099
0.482 2.118 4.788 -1.002 6.280 0.020 0.482 -1.100
0.527 2.214 4.767 -1.057 6.279 0.020 0.527 -1.100
0.573 2.308 4.745 -1.113 6.278 0.020 0.573 -1.100
0.621 2.403 4.721 -1.170 6.278 0.020 0.621 -1.100
0.671 2.497 4.697 -1.230 6.277 0.020 0.671 -1.100
0.722 2.590 4.671 -1.290 6.275 0.020 0.722 -1.101
0.776 2.683 4.644 -1.353 6.274 0.020 0.776 -1.101
0.832 2.775 4.615 -1.419 6.273 0.020 0.832 -1.102
0.889 2.867 4.586 -1.487 6.271 0.020 0.889 -1.102
0.948 2.958 4.554 -1.557 6.270 0.020 0.948 -1.103
1.009 3.049 4.522 -1.631 6.268 0.020 1.009 -1.104
1.072 3.138 4.488 -1.708 6.266 0.020 1.072 -1.105
1.136 3.227 4.452 -1.788 6.264 0.020 1.136 -1.106
1.203 3.316 4.414 -1.873 6.261 0.020 1.203 -1.108
1.271 3.403 4.375 -1.962 6.258 0.020 1.271 -1.109
1.341 3.490 4.334 -2.055 6.256 0.020 1.341 -1.111
1.412 3.576 4.291 -2.153 6.252 0.020 1.412 -1.113
1.485 3.661 4.246 -2.255 6.249 0.020 1.485 -1.116
1.560 3.745 4.199 -2.363 6.245 0.020 1.560 -1.118
1.637 3.828 4.149 -2.476 6.241 0.020 1.637 -1.121
1.715 3.910 4.097 -2.595 6.237 0.020 1.715 -1.125
1.795 3.990 4.043 -2.719 6.232 0.020 1.794 -1.129
1.876 4.070 3.986 -2.848 6.227 0.020 1.876 -1.133
1.959 4.149 3.926 -2.982 6.221 0.020 1.958 -1.138
2.044 4.226 3.864 -3.121 6.216 0.020 2.043 -1.143
2.130 4.302 3.799 -3.263 6.209 0.020 2.129 -1.149
2.217 4.377 3.730 -3.408 6.202 0.020 2.216 -1.156
2.306 4.441 3.202 -26.441 6.195 0.020 2.304 -1.164
2.396 4.485 2.222 -48.961 6.187 0.020 2.394 -1.172
2.486 4.510 1.258 -48.240 6.179 0.020 2.483 -1.181
2.576 4.516 0.308 -47.457 6.171 0.020 2.573 -1.191
2.666 4.504 -0.624 -46.618 6.162 0.020 2.663 -1.201
2.756 4.482 -1.091 -23.375 6.152 0.020 2.752 -1.212
2.845 4.460 -1.104 -0.647 6.142 0.020 2.840 -1.225
2.934 4.438 -1.116 -0.586 6.132 0.020 2.928 -1.237
3.022 4.415 -1.126 -0.513 6.121 0.020 3.015 -1.251
3.110 4.392 -1.135 -0.425 6.110 0.020 3.102 -1.266
3.198 4.370 -1.141 -0.321 6.099 0.020 3.188 -1.281
3.284 4.347 -1.145 -0.201 6.087 0.020 3.273 -1.298
3.371 4.324 -1.147 -0.064 6.075 0.020 3.358 -1.315
3.457 4.301 -1.145 0.091 6.062 0.020 3.442 -1.333
3.543 4.278 -1.139 0.264 6.049 0.020 3.525 -1.353
3.628 4.255 -1.130 0.456 6.035 0.020 3.608 -1.373
3.712 4.233 -1.117 0.666 6.021 0.020 3.690 -1.394
3.797 4.211 -1.099 0.894 6.007 0.020 3.771 -1.417
3.880 4.190 -1.076 1.139 5.992 0.020 3.851 -1.440
3.964 4.169 -1.048 1.400 5.977 0.020 3.931 -1.465
4.047 4.148 -1.015 1.674 5.962 0.020 4.010 -1.490
4.129 4.129 -0.976 1.959 5.946 0.020 4.088 -1.517
4.211 4.110 -0.931 2.253 5.930 0.020 4.166 -1.545
4.293 4.093 -0.880 2.551 5.913 0.020 4.242 -1.574
4.375 4.076 -0.823 2.850 5.896 0.020 4.318 -1.604
4.456 4.061 -0.760 3.145 5.879 0.020 4.393 -1.635
4.537 4.047 -0.691 3.431 5.862 0.020 4.467 -1.668
4.618 4.035 -0.617 3.703 5.844 0.020 4.540 -1.701
4.698 4.024 -0.538 3.957 5.827 0.020 4.613 -1.736
4.778 4.015 -0.454 4.186 5.809 0.020 4.685 -1.772
4.859 4.008 -0.366 4.387 5.791 0.020 4.756 -1.809
4.939 4.002 -0.275 4.555 5.772 0.020 4.826 -1.848
5.019 3.999 -0.182 4.687 5.754 0.020 4.895 -1.888
5.099 3.997 -0.086 4.779 5.736 0.020 4.964 -1.929
5.178 3.997 0.011 4.829 5.718 0.020 5.032 -1.971
5.258 3.999 0.107 4.836 5.699 0.020 5.099 -2.014
5.339 4.003 0.203 4.801 5.681 0.020 5.165 -2.059
5.419 4.009 0.298 4.724 5.663 0.020 5.231 -2.105
5.499 4.017 0.390 4.607 5.645 0.020 5.296 -2.152
5.580 4.027 0.479 4.454 5.628 0.020 5.360 -2.201
5.660 4.038 0.564 4.267 5.610 0.020 5.424 -2.251
5.741 4.051 0.645 4.052 5.593 0.020 5.487 -2.302
5.823 4.065 0.722 3.812 5.576 0.020 5.549 -2.354
5.904 4.081 0.793 3.554 5.559 0.020 5.610 -2.408
5.986 4.098 0.858 3.282 5.543 0.020 5.671 -2.462
6.069 4.117 0.918 3.000 5.527 0.020 5.732 -2.518
6.151 4.136 0.973 2.715 5.511 0.020 5.791 -2.576
6.234 4.156 1.021 2.431 5.496 0.020 5.851 -2.634
6.318 4.178 1.064 2.151 5.481 0.020 5.909 -2.694
6.402 4.200 1.102 1.880 5.466 0.020 5.967 -2.755
6.486 4.222 1.134 1.621 5.452 0.020 6.024 -2.817
6.571 4.246 1.162 1.376 5.438 0.020 6.081 -2.880
6.657 4.269 1.185 1.147 5.425 0.020 6.137 -2.944
6.743 4.293 1.204 0.936 5.412 0.020 6.193 -3.009
6.829 4.313 0.970 -11.697 5.400 0.020 6.248 -3.076
6.915 4.319 0.291 -33.926 5.388 0.020 6.303 -3.143
7.001 4.307 -0.592 -44.171 5.376 0.020 6.356 -3.210
7.087 4.277 -1.498 -45.282 5.366 0.020 6.408 -3.278
7.171 4.228 -2.425 -46.349 5.355 0.020 6.459 -3.345
7.255 4.166 -3.116 -34.569 5.346 0.020 6.509 -3.412
7.337 4.099 -3.374 -12.874 5.337 0.020 6.557 -3.479
7.417 4.030 -3.443 -3.477 5.328 0.020 6.604 -3.544
7.497 3.960 -3.512 -3.426 5.321 0.020 6.650 -3.609
7.574 3.888 -3.579 -3.361 5.313 0.020 6.694 -3.673
7.651 3.815 -3.645 -3.285 5.306 0.020 6.737 -3.736
7.725 3.741 -3.709 -3.201 5.300 0.020 6.778 -3.798
7.799 3.665 -3.771 -3.112 5.294 0.020 6.819 -3.859
7.871 3.589 -3.831 -3.020 5.288 0.020 6.858 -3.919
7.941 3.511 -3.890 -2.927 5.283 0.020 6.896 -3.978
8.009 3.432 -3.947 -2.833 5.279 0.020 6.933 -4.036
8.076 3.352 -4.001 -2.741 5.274 0.020 6.969 -4.093
8.142 3.271 -4.054 -2.651 5.270 0.020 7.004 -4.148
8.206 3.189 -4.106 -2.563 5.266 0.020 7.037 -4.202
8.268 3.106 -4.155 -2.477 5.263 0.020 7.070 -4.255
8.328 3.022 -4.203 -2.394 5.260 0.020 7.102 -4.307
8.387 2.937 -4.249 -2.314 5.257 0.020 7.132 -4.357
8.444 2.851 -4.294 -2.237 5.255 0.020 7.162 -4.406
8.499 2.764 -4.337 -2.163 5.252 0.020 7.190 -4.453
8.553 2.676 -4.379 -2.091 5.250 0.020 7.217 -4.499
8.605 2.588 -4.420 -2.021 5.248 0.020 7.244 -4.544
8.654 2.499 -4.459 -1.953 5.246 0.020 7.269 -4.587
8.703 2.409 -4.496 -1.887 5.245 0.020 7.294 -4.628
8.749 2.318 -4.533 -1.822 5.244 0.020 7.317 -4.668
8.794 2.227 -4.568 -1.758 5.242 0.020 7.340 -4.707
8.836 2.135 -4.602 -1.695 5.241 0.020 7.362 -4.743
8.877 2.042 -4.635 -1.632 5.240 0.020 7.382 -4.779
8.916 1.949 -4.666 -1.570 5.240 0.020 7.402 -4.812
8.953 1.855 -4.696 -1.507 5.239 0.020 7.420 -4.844
8.988 1.760 -4.725 -1.444 5.238 0.020 7.438 -4.875
9.022 1.665 -4.753 -1.380 5.238 0.020 7.455 -4.904
9.053 1.570 -4.779 -1.314 5.237 0.020 7.471 -4.931
9.083 1.474 -4.804 -1.248 5.237 0.020 7.485 -4.956
9.110 1.377 -4.827 -1.181 5.237 0.020 7.499 -4.980
9.136 1.280 -4.850 -1.112 5.237 0.020 7.512 -5.002
9.159 1.183 -4.871 -1.041 5.236 0.020 7.524 -5.023
9.181 1.085 -4.890 -0.969 5.236 0.020 7.535 -5.042
9.201 0.987 -4.908 -0.895 5.236 0.020 7.545 -5.059
9.219 0.888 -4.924 -0.820 5.236 0.020 7.553 -5.074
9.234 0.790 -4.939 -0.743 5.236 0.020 7.561 -5.088
9.248 0.691 -4.952 -0.664 5.236 0.020 7.568 -5.100
9.260 0.591 -4.964 -0.584 5.236 0.020 7.574 -5.110
9.270 0.492 -4.974 -0.502 5.236 0.020 7.579 -5.119
9.278 0.392 -4.982 -0.419 5.236 0.020 7.583 -5.125
9.284 0.292 -4.989 -0.335 5.236 0.020 7.586 -5.130
9.288 0.198 -4.707 14.111 5.236 0.020 7.588 -5.134
9.290 0.120 -3.923 39.201 5.236 0.020 7.589 -5.136
9.291 0.061 -2.925 49.917 5.236 0.020 7.590 -5.137
9.292 0.023 -1.925 49.968 5.236 0.020 7.590 -5.137
9.292 0.004 -0.925 49.992 5.236 0.020 7.590 -5.137
9.292 0.000 -0.213 35.634 5.236 0.020 7.590 -5.137
