RightSideDriveToNeutral
474
0.000 0.005 0.500 50.000 6.283 0.010 0.000 1.099
0.000 0.010 0.500 0.000 6.283 0.010 0.000 1.099
0.000 0.023 1.250 75.002 6.283 0.010 0.000 1.099
0.001 0.040 1.750 50.008 6.283 0.010 0.001 1.099
0.001 0.063 2.250 50.018 6.283 0.010 0.001 1.099
0.002 0.090 2.751 50.034 6.283 0.010 0.002 1.099
0.004 0.123 3.251 50.059 6.283 0.010 0.004 1.099
0.005 0.160 3.752 50.093 6.283 0.010 0.005 1.099
0.007 0.203 4.254 50.138 6.283 0.010 0.007 1.099
0.010 0.250 4.755 50.196 6.283 0.010 0.010 1.099
0.013 0.300 5.008 25.248 6.283 0.010 0.013 1.099
0.016 0.350 5.011 0.288 6.283 0.010 0.016 1.099
0.020 0.400 5.014 0.335 6.283 0.010 0.020 1.099
0.025 0.451 5.018 0.382 6.283 0.010 0.025 1.099
0.030 0.501 5.022 0.429 6.283 0.010 0.030 1.099
0.035 0.551 5.027 0.476 6.283 0.010 0.035 1.099
0.041 0.601 5.032 0.522 6.283 0.010 0.041 1.099
0.048 0.652 5.038 0.568 6.283 0.010 0.048 1.099
0.055 0.702 5.044 0.613 6.283 0.010 0.055 1.099
0.062 0.753 5.051 0.658 6.283 0.010 0.062 1.099
0.070 0.803 5.058 0.703 6.283 0.010 0.070 1.099
0.079 0.854 5.065 0.748 6.283 0.010 0.079 1.099
0.088 0.905 5.073 0.792 6.283 0.010 0.088 1.099
0.097 0.956 5.081 0.835 6.283 0.010 0.097 1.099
0.107 1.006 5.090 0.879 6.283 0.010 0.107 1.099
0.118 1.057 5.099 0.922 6.283 0.010 0.118 1.099
0.129 1.109 5.109 0.964 6.283 0.010 0.129 1.099
0.141 1.160 5.119 1.007 6.283 0.010 0.141 1.099
0.153 1.211 5.130 1.049 6.283 0.010 0.153 1.099
0.165 1.262 5.141 1.090 6.282 0.010 0.165 1.099
0.179 1.314 5.152 1.132 6.282 0.010 0.179 1.099
0.192 1.366 5.164 1.174 6.282 0.010 0.192 1.099
0.206 1.417 5.176 1.215 6.282 0.010 0.206 1.099
0.221 1.469 5.188 1.256 6.282 0.010 0.221 1.099
0.236 1.521 5.201 1.297 6.282 0.010 0.236 1.099
0.252 1.573 5.215 1.339 6.281 0.010 0.252 1.099
0.268 1.626 5.228 1.381 6.281 0.010 0.268 1.099
0.285 1.678 5.243 1.422 6.281 0.010 0.285 1.099
0.302 1.731 5.257 1.464 6.281 0.010 0.302 1.099
0.320 1.783 5.272 1.507 6.280 0.010 0.320 1.099
0.339 1.836 5.288 1.550 6.280 0.010 0.339 1.099
0.358 1.889 5.304 1.594 6.280 0.010 0.358 1.099
0.377 1.943 5.320 1.639 6.279 0.010 0.377 1.098
0.397 1.996 5.337 1.684 6.279 0.010 0.397 1.098
0.417 2.049 5.354 1.730 6.278 0.010 0.417 1.098
0.438 2.103 5.372 1.778 6.278 0.010 0.438 1.098
0.460 2.157 5.390 1.827 6.277 0.010 0.460 1.098
0.482 2.211 5.409 1.877 6.277 0.010 0.482 1.098
0.505 2.265 5.428 1.929 6.276 0.010 0.505 1.098
0.528 2.320 5.448 1.983 6.276 0.010 0.528 1.098
0.552 2.375 5.469 2.038 6.275 0.010 0.552 1.097
0.576 2.430 5.490 2.096 6.274 0.010 0.576 1.097
0.601 2.485 5.511 2.156 6.273 0.010 0.601 1.097
0.626 2.540 5.533 2.219 6.273 0.010 0.626 1.097
0.652 2.596 5.556 2.284 6.272 0.010 0.652 1.096
0.679 2.651 5.580 2.353 6.271 0.010 0.679 1.096
0.706 2.707 5.604 2.425 6.270 0.010 0.706 1.096
0.733 2.764 5.629 2.500 6.269 0.010 0.733 1.095
0.762 2.820 5.655 2.580 6.268 0.010 0.762 1.095
0.790 2.877 5.681 2.663 6.267 0.010 0.790 1.094
0.820 2.934 5.709 2.751 6.265 0.010 0.820 1.094
0.850 2.991 5.737 2.843 6.264 0.010 0.850 1.093
0.880 3.049 5.767 2.940 6.263 0.010 0.880 1.093
0.911 3.107 5.797 3.044 6.261 0.010 0.911 1.092
0.943 3.165 5.829 3.152 6.260 0.010 0.943 1.091
0.975 3.224 5.861 3.268 6.258 0.010 0.975 1.091
1.008 3.283 5.895 3.390 6.256 0.010 1.008 1.090
1.041 3.342 5.931 3.519 6.255 0.010 1.041 1.089
1.075 3.402 5.967 3.656 6.253 0.010 1.075 1.088
1.110 3.462 6.005 3.801 6.251 0.010 1.110 1.087
1.145 3.522 6.045 3.955 6.249 0.010 1.145 1.086
1.181 3.583 6.086 4.118 6.247 0.010 1.181 1.084
1.218 3.645 6.129 4.292 6.245 0.010 1.217 1.083
1.255 3.706 6.174 4.476 6.242 0.010 1.254 1.082
1.292 3.769 6.220 4.671 6.240 0.010 1.292 1.080
1.331 3.831 6.269 4.880 6.237 0.010 1.330 1.078
1.370 3.894 6.320 5.100 6.235 0.010 1.369 1.076
1.409 3.958 6.373 5.336 6.232 0.010 1.409 1.074
1.449 4.022 6.429 5.586 6.229 0.010 1.449 1.072
1.490 4.087 6.488 5.851 6.226 0.010 1.490 1.070
1.532 4.153 6.549 6.136 6.223 0.010 1.531 1.068
1.574 4.219 6.613 6.435 6.219 0.010 1.573 1.065
1.617 4.286 6.681 6.757 6.216 0.010 1.616 1.062
1.660 4.353 6.752 7.098 6.212 0.010 1.659 1.059
1.705 4.422 6.827 7.460 6.208 0.010 1.704 1.056
1.749 4.491 6.905 7.848 6.204 0.010 1.748 1.052
1.795 4.560 6.988 8.258 6.200 0.010 1.794 1.049
1.841 4.631 7.075 8.697 6.196 0.010 1.840 1.045
1.888 4.703 7.166 9.162 6.191 0.010 1.887 1.041
1.936 4.776 7.263 9.658 6.186 0.010 1.934 1.036
1.985 4.849 7.365 10.185 6.181 0.010 1.983 1.031
2.034 4.924 7.472 10.745 6.176 0.010 2.032 1.026
2.084 5.000 7.586 11.341 6.171 0.010 2.081 1.021
2.135 5.077 7.705 11.972 6.165 0.010 2.132 1.015
2.186 5.155 7.832 12.642 6.159 0.010 2.183 1.009
2.239 5.235 7.965 13.354 6.153 0.010 2.235 1.002
2.292 5.316 8.106 14.105 6.146 0.010 2.287 0.995
2.346 5.398 8.255 14.899 6.139 0.010 2.341 0.987
2.400 5.483 8.413 15.739 6.132 0.010 2.395 0.979
2.456 5.568 8.579 16.620 6.125 0.010 2.450 0.971
2.513 5.653 8.459 -11.988 6.117 0.010 2.506 0.962
2.570 5.733 8.045 -41.354 6.109 0.010 2.562 0.952
2.628 5.810 7.628 -41.717 6.100 0.010 2.620 0.941
2.687 5.882 7.206 -42.184 6.092 0.010 2.677 0.931
2.746 5.949 6.779 -42.761 6.082 0.010 2.736 0.919
2.807 6.013 6.344 -43.469 6.073 0.010 2.795 0.907
2.867 6.072 5.901 -44.313 6.063 0.010 2.854 0.894
2.929 6.126 5.448 -45.315 6.052 0.010 2.914 0.880
2.990 6.176 4.983 -46.481 6.042 0.010 2.974 0.866
3.053 6.221 4.505 -47.830 6.031 0.010 3.034 0.850
3.115 6.265 4.325 -17.940 6.019 0.010 3.095 0.834
3.178 6.309 4.454 12.876 6.007 0.010 3.155 0.818
3.242 6.355 4.582 12.806 5.995 0.010 3.216 0.800
3.306 6.402 4.709 12.635 5.982 0.010 3.278 0.781
3.370 6.450 4.832 12.339 5.969 0.010 3.339 0.762
3.435 6.500 4.951 11.907 5.955 0.010 3.401 0.741
3.501 6.550 5.064 11.316 5.941 0.010 3.463 0.720
3.567 6.602 5.170 10.549 5.927 0.010 3.525 0.697
3.633 6.655 5.265 9.581 5.912 0.010 3.587 0.673
3.701 6.708 5.349 8.398 5.896 0.010 3.649 0.649
3.768 6.762 5.419 6.975 5.880 0.010 3.712 0.622
3.836 6.817 5.472 5.296 5.863 0.010 3.774 0.595
3.905 6.872 5.506 3.343 5.846 0.010 3.837 0.567
3.974 6.927 5.517 1.102 5.829 0.010 3.899 0.537
4.044 6.982 5.502 -1.434 5.811 0.010 3.962 0.506
4.114 7.037 5.460 -4.268 5.792 0.010 4.024 0.473
4.185 7.091 5.386 -7.398 5.773 0.010 4.086 0.439
4.257 7.144 5.278 -10.808 5.754 0.010 4.148 0.404
4.329 7.195 5.133 -14.478 5.734 0.010 4.210 0.367
4.401 7.245 4.949 -18.373 5.713 0.010 4.271 0.328
4.474 7.292 4.725 -22.446 5.692 0.010 4.332 0.288
4.548 7.336 4.458 -26.643 5.671 0.010 4.393 0.247
4.621 7.378 4.149 -30.889 5.650 0.010 4.453 0.204
4.695 7.416 3.798 -35.108 5.628 0.010 4.512 0.159
4.770 7.450 3.406 -39.210 5.605 0.010 4.571 0.113
4.845 7.480 2.975 -43.100 5.583 0.010 4.628 0.065
4.920 7.505 2.508 -46.679 5.560 0.010 4.685 0.016
4.995 7.525 2.010 -49.855 5.537 0.010 4.741 -0.034
5.070 7.540 1.484 -52.534 5.514 0.010 4.796 -0.086
5.146 7.549 0.938 -54.639 5.491 0.010 4.849 -0.139
5.221 7.553 0.377 -56.105 5.467 0.010 4.902 -0.193
5.297 7.551 -0.192 -56.883 5.444 0.010 4.953 -0.249
5.372 7.543 -0.761 -56.952 5.421 0.010 5.003 -0.306
5.448 7.530 -1.325 -56.306 5.398 0.010 5.051 -0.363
5.523 7.511 -1.874 -54.967 5.375 0.010 5.098 -0.422
5.598 7.487 -2.404 -52.976 5.353 0.010 5.143 -0.482
5.672 7.458 -2.908 -50.394 5.330 0.010 5.187 -0.542
5.747 7.424 -3.381 -47.297 5.308 0.010 5.229 -0.603
5.820 7.386 -3.819 -43.774 5.286 0.010 5.270 -0.665
5.894 7.344 -4.218 -39.920 5.265 0.010 5.309 -0.727
5.967 7.298 -4.576 -35.833 5.244 0.010 5.347 -0.789
6.039 7.249 -4.892 -31.608 5.224 0.010 5.383 -0.852
6.111 7.198 -5.166 -27.338 5.204 0.010 5.418 -0.915
6.183 7.144 -5.397 -23.105 5.184 0.010 5.451 -0.978
6.254 7.088 -5.586 -18.982 5.165 0.010 5.482 -1.042
6.324 7.030 -5.737 -15.029 5.147 0.010 5.513 -1.105
6.394 6.972 -5.850 -11.295 5.129 0.010 5.541 -1.169
6.463 6.913 -5.928 -7.818 5.111 0.010 5.569 -1.232
6.531 6.853 -5.974 -4.622 5.095 0.010 5.595 -1.296
6.599 6.793 -5.991 -1.723 5.078 0.010 5.620 -1.359
6.667 6.733 -5.983 0.874 5.062 0.010 5.643 -1.422
6.733 6.674 -5.951 3.169 5.047 0.010 5.666 -1.485
6.799 6.615 -5.899 5.172 5.032 0.010 5.687 -1.548
6.865 6.556 -5.830 6.894 5.018 0.010 5.707 -1.610
6.930 6.499 -5.747 8.352 5.005 0.010 5.726 -1.672
6.994 6.442 -5.651 9.564 4.992 0.010 5.744 -1.734
7.058 6.387 -5.546 10.551 4.979 0.010 5.762 -1.795
7.122 6.333 -5.432 11.333 4.967 0.010 5.778 -1.856
7.184 6.279 -5.313 11.931 4.955 0.010 5.793 -1.917
7.247 6.228 -5.189 12.365 4.944 0.010 5.808 -1.978
7.308 6.177 -5.063 12.656 4.933 0.010 5.822 -2.038
7.370 6.128 -4.935 12.820 4.923 0.010 5.835 -2.098
7.430 6.080 -4.806 12.875 4.913 0.010 5.847 -2.157
7.491 6.033 -4.677 12.836 4.904 0.010 5.859 -2.217
7.551 5.987 -4.550 12.719 4.895 0.010 5.870 -2.275
7.610 5.943 -4.425 12.535 4.886 0.010 5.881 -2.334
7.669 5.900 -4.302 12.295 4.878 0.010 5.891 -2.392
7.728 5.858 -4.182 12.010 4.870 0.010 5.900 -2.450
7.786 5.818 -4.065 11.689 4.863 0.010 5.909 -2.507
7.844 5.778 -3.952 11.339 4.856 0.010 5.918 -2.565
7.901 5.740 -3.842 10.967 4.849 0.010 5.926 -2.621
7.958 5.702 -3.736 10.579 4.843 0.010 5.933 -2.678
8.015 5.666 -3.634 10.179 4.837 0.010 5.940 -2.734
8.071 5.631 -3.537 9.773 4.831 0.010 5.947 -2.790
8.127 5.596 -3.443 9.363 4.825 0.010 5.954 -2.846
8.183 5.563 -3.353 8.952 4.820 0.010 5.960 -2.901
8.238 5.530 -3.268 8.543 4.815 0.010 5.966 -2.956
8.293 5.498 -3.187 8.138 4.811 0.010 5.971 -3.011
8.348 5.467 -3.109 7.739 4.807 0.010 5.976 -3.065
8.402 5.437 -3.036 7.347 4.803 0.010 5.981 -3.119
8.456 5.407 -2.966 6.962 4.799 0.010 5.986 -3.173
8.510 5.378 -2.900 6.586 4.796 0.010 5.991 -3.227
8.563 5.350 -2.838 6.220 4.792 0.010 5.995 -3.280
8.616 5.322 -2.779 5.863 4.789 0.010 5.999 -3.333
8.669 5.295 -2.724 5.517 4.787 0.010 6.003 -3.386
8.722 5.268 -2.672 5.181 4.784 0.010 6.007 -3.438
8.775 5.242 -2.624 4.855 4.782 0.010 6.011 -3.491
8.827 5.216 -2.578 4.539 4.780 0.010 6.014 -3.543
8.879 5.190 -2.536 4.234 4.778 0.010 6.018 -3.594
8.930 5.165 -2.497 3.939 4.777 0.010 6.021 -3.646
8.982 5.141 -2.460 3.654 4.776 0.010 6.025 -3.697
9.033 5.117 -2.426 3.380 4.775 0.010 6.028 -3.748
9.084 5.093 -2.395 3.115 4.774 0.010 6.031 -3.799
9.134 5.069 -2.367 2.860 4.773 0.010 6.034 -3.850
9.185 5.046 -2.341 2.615 4.773 0.010 6.037 -3.900
9.235 5.022 -2.317 2.379 4.772 0.010 6.040 -3.950
9.285 4.999 -2.295 2.153 4.772 0.010 6.043 -4.000
9.335 4.977 -2.276 1.936 4.773 0.010 6.046 -4.050
9.384 4.954 -2.259 1.729 4.773 0.010 6.049 -4.099
9.434 4.932 -2.243 1.531 4.774 0.010 6.052 -4.148
9.483 4.909 -2.230 1.342 4.775 0.010 6.055 -4.197
9.532 4.887 -2.218 1.162 4.776 0.010 6.058 -4.246
9.580 4.865 -2.208 0.992 4.777 0.010 6.061 -4.295
9.629 4.843 -2.200 0.832 4.778 0.010 6.064 -4.343
9.677 4.821 -2.193 0.682 4.780 0.010 6.068 -4.391
9.725 4.799 -2.188 0.542 4.782 0.010 6.071 -4.439
9.773 4.777 -2.184 0.412 4.784 0.010 6.074 -4.487
9.820 4.756 -2.181 0.293 4.786 0.010 6.078 -4.534
9.868 4.734 -2.179 0.185 4.788 0.010 6.081 -4.581
9.915 4.712 -2.178 0.090 4.791 0.010 6.085 -4.628
9.962 4.690 -2.178 0.007 4.794 0.010 6.089 -4.675
10.008 4.669 -2.178 -0.064 4.797 0.010 6.093 -4.722
10.055 4.647 -2.180 -0.120 4.800 0.010 6.097 -4.768
10.101 4.625 -2.181 -0.161 4.803 0.010 6.101 -4.814
10.147 4.603 -2.183 -0.188 4.807 0.010 6.105 -4.860
10.193 4.581 -2.185 -0.197 4.811 0.010 6.109 -4.905
10.239 4.559 -2.187 -0.189 4.815 0.010 6.114 -4.951
10.284 4.537 -2.189 -0.162 4.819 0.010 6.119 -4.996
10.329 4.516 -2.190 -0.116 4.824 0.010 6.124 -5.041
10.374 4.494 -2.190 -0.048 4.828 0.010 6.129 -5.085
10.419 4.472 -2.190 0.042 4.833 0.010 6.134 -5.130
10.463 4.450 -2.188 0.157 4.838 0.010 6.139 -5.174
10.507 4.428 -2.185 0.297 4.843 0.010 6.145 -5.218
10.552 4.406 -2.181 0.463 4.849 0.010 6.151 -5.262
10.595 4.384 -2.174 0.659 4.854 0.010 6.157 -5.305
10.639 4.363 -2.165 0.883 4.860 0.010 6.163 -5.348
10.682 4.341 -2.154 1.140 4.866 0.010 6.170 -5.391
10.726 4.320 -2.140 1.430 4.872 0.010 6.177 -5.434
10.769 4.299 -2.122 1.755 4.879 0.010 6.183 -5.476
10.811 4.278 -2.101 2.115 4.885 0.010 6.191 -5.518
10.854 4.257 -2.076 2.512 4.892 0.010 6.198 -5.560
10.896 4.236 -2.046 2.948 4.899 0.010 6.206 -5.602
10.938 4.216 -2.012 3.423 4.906 0.010 6.214 -5.643
10.980 4.197 -1.973 3.939 4.913 0.010 6.222 -5.685
11.022 4.177 -1.928 4.495 4.921 0.010 6.231 -5.725
11.064 4.159 -1.877 5.092 4.928 0.010 6.239 -5.766
11.105 4.140 -1.819 5.730 4.936 0.010 6.248 -5.806
11.146 4.123 -1.755 6.408 4.944 0.010 6.258 -5.847
11.188 4.106 -1.684 7.126 4.952 0.010 6.267 -5.887
11.228 4.090 -1.605 7.881 4.961 0.010 6.277 -5.926
11.269 4.075 -1.519 8.673 4.969 0.010 6.287 -5.966
11.310 4.060 -1.424 9.499 4.978 0.010 6.298 -6.005
11.350 4.047 -1.320 10.355 4.986 0.010 6.309 -6.044
11.391 4.035 -1.208 11.239 4.995 0.010 6.320 -6.083
11.431 4.024 -1.086 12.147 5.004 0.010 6.331 -6.121
11.471 4.015 -0.955 13.073 5.013 0.010 6.343 -6.160
11.511 4.007 -0.815 14.014 5.022 0.010 6.355 -6.198
11.551 4.000 -0.666 14.963 5.031 0.010 6.367 -6.236
11.591 3.995 -0.507 15.915 5.040 0.010 6.380 -6.274
11.631 3.992 -0.338 16.863 5.049 0.010 6.393 -6.312
11.671 3.990 -0.160 17.802 5.059 0.010 6.406 -6.349
11.711 3.990 0.027 18.725 5.068 0.010 6.420 -6.387
11.751 3.992 0.224 19.625 5.077 0.010 6.434 -6.424
11.791 3.997 0.429 20.496 5.086 0.010 6.448 -6.461
11.831 4.003 0.642 21.333 5.095 0.010 6.463 -6.499
11.871 4.012 0.863 22.129 5.104 0.010 6.478 -6.536
11.911 4.023 1.092 22.880 5.113 0.010 6.494 -6.573
11.951 4.036 1.328 23.580 5.122 0.010 6.510 -6.610
11.992 4.052 1.570 24.227 5.130 0.010 6.526 -6.647
12.033 4.070 1.818 24.818 5.139 0.010 6.543 -6.684
12.073 4.091 2.072 25.351 5.147 0.010 6.560 -6.721
12.115 4.114 2.330 25.824 5.155 0.010 6.577 -6.759
12.156 4.140 2.592 26.238 5.163 0.010 6.595 -6.796
12.198 4.168 2.858 26.595 5.171 0.010 6.613 -6.833
12.240 4.200 3.127 26.895 5.178 0.010 6.632 -6.871
12.282 4.234 3.399 27.141 5.185 0.010 6.651 -6.909
12.325 4.270 3.672 27.338 5.191 0.010 6.671 -6.947
12.368 4.310 3.947 27.489 5.198 0.010 6.691 -6.985
12.411 4.352 4.223 27.598 5.204 0.010 6.711 -7.023
12.455 4.397 4.500 27.669 5.209 0.010 6.732 -7.062
12.500 4.445 4.777 27.708 5.214 0.010 6.753 -7.101
12.545 4.495 5.054 27.718 5.219 0.010 6.775 -7.140
12.590 4.549 5.331 27.703 5.223 0.010 6.797 -7.180
12.636 4.605 5.608 27.664 5.226 0.010 6.820 -7.220
12.683 4.664 5.884 27.603 5.230 0.010 6.843 -7.261
12.730 4.725 6.159 27.521 5.232 0.010 6.866 -7.302
12.778 4.790 6.433 27.414 5.234 0.010 6.890 -7.343
12.827 4.857 6.706 27.278 5.235 0.010 6.914 -7.386
12.876 4.926 6.977 27.106 5.236 0.010 6.939 -7.428
12.926 4.990 6.338 -63.908 5.236 0.010 6.964 -7.471
12.976 4.996 0.678 -565.927 5.236 0.010 6.989 -7.515
13.026 4.994 -0.281 -95.972 5.236 0.010 7.014 -7.558
13.076 4.992 -0.203 7.843 5.236 0.010 7.039 -7.601
13.125 4.990 -0.126 7.666 5.236 0.010 7.064 -7.644
13.175 4.990 -0.051 7.489 5.236 0.010 7.089 -7.688
13.225 4.990 0.022 7.311 5.236 0.010 7.114 -7.731
13.275 4.991 0.093 7.133 5.237 0.010 7.139 -7.774
13.325 4.993 0.163 6.956 5.237 0.010 7.164 -7.817
13.375 4.995 0.230 6.779 5.237 0.010 7.189 -7.860
13.425 4.998 0.296 6.603 5.237 0.010 7.214 -7.904
13.475 5.002 0.361 6.428 5.237 0.010 7.239 -7.947
13.525 5.006 0.423 6.255 5.237 0.010 7.264 -7.990
13.575 5.011 0.484 6.083 5.236 0.010 7.289 -8.034
13.625 5.016 0.543 5.913 5.236 0.010 7.314 -8.077
13.676 5.022 0.601 5.745 5.236 0.010 7.339 -8.121
13.726 5.029 0.657 5.579 5.236 0.010 7.364 -8.164
13.776 5.036 0.711 5.415 5.236 0.010 7.389 -8.208
13.827 5.043 0.763 5.253 5.235 0.010 7.414 -8.251
13.877 5.051 0.814 5.094 5.235 0.010 7.440 -8.295
13.928 5.060 0.864 4.936 5.234 0.010 7.465 -8.339
13.978 5.069 0.911 4.781 5.234 0.010 7.490 -8.383
14.029 5.079 0.958 4.628 5.233 0.010 7.515 -8.427
14.080 5.089 1.002 4.476 5.232 0.010 7.541 -8.471
14.131 5.099 1.046 4.327 5.231 0.010 7.566 -8.516
14.182 5.110 1.087 4.179 5.230 0.010 7.591 -8.560
14.233 5.121 1.128 4.033 5.229 0.010 7.617 -8.604
14.285 5.133 1.167 3.889 5.228 0.010 7.642 -8.649
14.336 5.145 1.204 3.745 5.226 0.010 7.667 -8.694
14.388 5.158 1.240 3.603 5.225 0.010 7.693 -8.739
14.440 5.170 1.275 3.461 5.223 0.010 7.718 -8.784
14.491 5.183 1.308 3.319 5.222 0.010 7.743 -8.829
14.543 5.197 1.340 3.178 5.220 0.010 7.769 -8.875
14.595 5.210 1.370 3.036 5.218 0.010 7.794 -8.920
14.648 5.224 1.399 2.894 5.216 0.010 7.819 -8.966
14.700 5.239 1.427 2.751 5.214 0.010 7.844 -9.012
14.753 5.253 1.453 2.606 5.212 0.010 7.870 -9.058
14.805 5.268 1.477 2.460 5.209 0.010 7.895 -9.104
14.858 5.283 1.500 2.312 5.207 0.010 7.920 -9.151
14.911 5.298 1.522 2.161 5.204 0.010 7.945 -9.197
14.964 5.314 1.542 2.007 5.201 0.010 7.970 -9.244
15.018 5.329 1.560 1.849 5.198 0.010 7.995 -9.291
15.071 5.345 1.577 1.688 5.195 0.010 8.020 -9.339
15.125 5.361 1.593 1.523 5.192 0.010 8.045 -9.386
15.178 5.377 1.606 1.352 5.188 0.010 8.069 -9.434
15.232 5.393 1.618 1.177 5.185 0.010 8.094 -9.482
15.286 5.409 1.628 0.996 5.181 0.010 8.118 -9.530
15.341 5.426 1.636 0.809 5.177 0.010 8.143 -9.579
15.395 5.442 1.642 0.616 5.173 0.010 8.167 -9.627
15.450 5.459 1.646 0.416 5.169 0.010 8.191 -9.676
15.504 5.475 1.648 0.209 5.164 0.010 8.215 -9.725
15.559 5.492 1.648 -0.005 5.160 0.010 8.239 -9.775
15.614 5.508 1.646 -0.226 5.155 0.010 8.263 -9.825
15.670 5.525 1.641 -0.455 5.151 0.010 8.286 -9.875
15.725 5.541 1.635 -0.692 5.146 0.010 8.310 -9.925
15.781 5.557 1.625 -0.937 5.141 0.010 8.333 -9.975
15.836 5.573 1.613 -1.189 5.135 0.010 8.356 -10.026
15.892 5.589 1.599 -1.449 5.130 0.010 8.379 -10.077
15.948 5.605 1.582 -1.717 5.124 0.010 8.401 -10.128
16.005 5.621 1.562 -1.992 5.119 0.010 8.424 -10.180
16.061 5.636 1.539 -2.274 5.113 0.010 8.446 -10.232
16.117 5.651 1.513 -2.563 5.107 0.010 8.468 -10.284
16.174 5.666 1.485 -2.858 5.101 0.010 8.489 -10.336
16.231 5.681 1.453 -3.158 5.095 0.010 8.511 -10.389
16.288 5.695 1.419 -3.463 5.089 0.010 8.532 -10.442
16.345 5.709 1.381 -3.773 5.082 0.010 8.553 -10.495
16.402 5.722 1.340 -4.085 5.076 0.010 8.573 -10.548
16.459 5.735 1.296 -4.399 5.069 0.010 8.593 -10.602
16.517 5.747 1.249 -4.715 5.062 0.010 8.613 -10.656
16.575 5.759 1.199 -5.030 5.055 0.010 8.633 -10.710
16.632 5.771 1.145 -5.344 5.048 0.010 8.652 -10.765
16.690 5.782 1.089 -5.655 5.041 0.010 8.671 -10.819
16.748 5.792 1.029 -5.962 5.034 0.010 8.689 -10.874
16.806 5.802 0.966 -6.264 5.026 0.010 8.707 -10.929
16.864 5.810 0.845 -12.113 5.019 0.010 8.725 -10.985
16.922 5.814 0.430 -41.545 5.012 0.010 8.743 -11.040
16.980 5.812 -0.226 -65.573 5.004 0.010 8.759 -11.096
17.038 5.803 -0.887 -66.067 4.997 0.010 8.776 -11.151
17.096 5.788 -1.551 -66.468 4.989 0.010 8.792 -11.207
17.154 5.766 -2.219 -66.772 4.981 0.010 8.807 -11.262
17.211 5.737 -2.889 -66.975 4.974 0.010 8.823 -11.318
17.268 5.701 -3.560 -67.073 4.966 0.010 8.837 -11.373
17.325 5.659 -4.230 -67.067 4.959 0.010 8.851 -11.428
17.381 5.610 -4.900 -66.957 4.951 0.010 8.865 -11.482
17.437 5.555 -5.511 -61.149 4.944 0.010 8.877 -11.536
17.492 5.496 -5.827 -31.542 4.937 0.010 8.890 -11.590
17.546 5.437 -5.901 -7.464 4.929 0.010 8.902 -11.643
17.600 5.378 -5.972 -7.067 4.922 0.010 8.913 -11.695
17.653 5.317 -6.039 -6.661 4.915 0.010 8.924 -11.747
17.705 5.256 -6.101 -6.249 4.908 0.010 8.934 -11.799
17.757 5.195 -6.159 -5.833 4.901 0.010 8.944 -11.850
17.809 5.133 -6.214 -5.416 4.894 0.010 8.954 -11.900
17.859 5.070 -6.264 -5.000 4.888 0.010 8.963 -11.950
17.909 5.007 -6.309 -4.586 4.881 0.010 8.971 -12.000
17.959 4.943 -6.351 -4.176 4.875 0.010 8.980 -12.048
18.008 4.880 -6.389 -3.773 4.869 0.010 8.987 -12.097
18.056 4.815 -6.423 -3.377 4.863 0.010 8.995 -12.144
18.103 4.751 -6.453 -2.990 4.857 0.010 9.002 -12.191
18.150 4.686 -6.479 -2.613 4.851 0.010 9.008 -12.237
18.196 4.621 -6.501 -2.247 4.845 0.010 9.015 -12.283
18.242 4.556 -6.520 -1.892 4.839 0.010 9.020 -12.328
18.287 4.490 -6.536 -1.551 4.834 0.010 9.026 -12.373
18.331 4.425 -6.548 -1.222 4.829 0.010 9.031 -12.417
18.375 4.359 -6.557 -0.907 4.823 0.010 9.036 -12.460
18.418 4.294 -6.563 -0.605 4.818 0.010 9.041 -12.503
18.460 4.228 -6.566 -0.318 4.813 0.010 9.045 -12.545
18.502 4.162 -6.567 -0.044 4.809 0.010 9.049 -12.586
18.543 4.097 -6.564 0.216 4.804 0.010 9.053 -12.627
18.583 4.031 -6.560 0.462 4.800 0.010 9.057 -12.667
18.622 3.966 -6.553 0.694 4.795 0.010 9.060 -12.707
18.661 3.900 -6.544 0.913 4.791 0.010 9.063 -12.746
18.700 3.835 -6.533 1.119 4.787 0.010 9.066 -12.784
18.738 3.770 -6.519 1.312 4.783 0.010 9.069 -12.822
18.775 3.705 -6.505 1.493 4.779 0.010 9.071 -12.859
18.811 3.640 -6.488 1.661 4.776 0.010 9.074 -12.895
18.847 3.575 -6.470 1.819 4.772 0.010 9.076 -12.931
18.882 3.511 -6.450 1.965 4.769 0.010 9.078 -12.966
18.916 3.446 -6.429 2.100 4.766 0.010 9.080 -13.000
18.950 3.382 -6.407 2.226 4.763 0.010 9.082 -13.034
18.983 3.318 -6.383 2.341 4.760 0.010 9.083 -13.067
19.016 3.255 -6.359 2.447 4.757 0.010 9.085 -13.099
19.048 3.191 -6.334 2.545 4.754 0.010 9.086 -13.131
19.079 3.128 -6.307 2.634 4.751 0.010 9.087 -13.163
19.110 3.066 -6.280 2.715 4.749 0.010 9.089 -13.193
19.140 3.003 -6.252 2.788 4.746 0.010 9.090 -13.223
19.169 2.941 -6.224 2.854 4.744 0.010 9.091 -13.253
19.198 2.879 -6.194 2.913 4.742 0.010 9.091 -13.281
19.226 2.817 -6.165 2.965 4.740 0.010 9.092 -13.310
19.254 2.756 -6.135 3.011 4.738 0.010 9.093 -13.337
19.281 2.695 -6.104 3.051 4.736 0.010 9.094 -13.364
19.307 2.634 -6.073 3.086 4.734 0.010 9.094 -13.390
19.333 2.574 -6.042 3.114 4.733 0.010 9.095 -13.416
19.358 2.514 -6.011 3.138 4.731 0.010 9.095 -13.441
19.382 2.454 -5.979 3.156 4.730 0.010 9.096 -13.466
19.406 2.394 -5.948 3.169 4.728 0.010 9.096 -13.490
19.430 2.335 -5.916 3.178 4.727 0.010 9.097 -13.513
19.452 2.276 -5.884 3.182 4.726 0.010 9.097 -13.536
19.475 2.218 -5.852 3.182 4.725 0.010 9.097 -13.558
19.496 2.160 -5.820 3.177 4.723 0.010 9.097 -13.580
19.517 2.102 -5.789 3.168 4.722 0.010 9.098 -13.601
19.538 2.044 -5.757 3.155 4.721 0.010 9.098 -13.621
19.558 1.987 -5.726 3.138 4.721 0.010 9.098 -13.641
19.577 1.930 -5.695 3.117 4.720 0.010 9.098 -13.660
19.596 1.873 -5.664 3.092 4.719 0.010 9.098 -13.679
19.614 1.817 -5.633 3.063 4.718 0.010 9.098 -13.697
19.631 1.761 -5.603 3.031 4.718 0.010 9.098 -13.715
19.648 1.705 -5.573 2.994 4.717 0.010 9.099 -13.732
19.665 1.650 -5.543 2.954 4.717 0.010 9.099 -13.748
19.681 1.595 -5.514 2.911 4.716 0.010 9.099 -13.764
19.696 1.540 -5.485 2.863 4.716 0.010 9.099 -13.780
19.711 1.485 -5.457 2.812 4.715 0.010 9.099 -13.794
19.725 1.431 -5.430 2.758 4.715 0.010 9.099 -13.809
19.739 1.377 -5.403 2.700 4.715 0.010 9.099 -13.823
19.752 1.323 -5.376 2.638 4.714 0.010 9.099 -13.836
19.765 1.270 -5.351 2.573 4.714 0.010 9.099 -13.848
19.777 1.216 -5.326 2.505 4.714 0.010 9.099 -13.861
19.789 1.163 -5.301 2.434 4.714 0.010 9.099 -13.872
19.800 1.111 -5.278 2.359 4.713 0.010 9.099 -13.883
19.811 1.058 -5.255 2.281 4.713 0.010 9.099 -13.894
19.821 1.006 -5.233 2.200 4.713 0.010 9.099 -13.904
19.830 0.954 -5.212 2.116 4.713 0.010 9.099 -13.914
19.839 0.902 -5.191 2.029 4.713 0.010 9.099 -13.923
19.848 0.850 -5.172 1.939 4.713 0.010 9.099 -13.931
19.856 0.798 -5.154 1.846 4.713 0.010 9.099 -13.939
19.863 0.747 -5.136 1.751 4.713 0.010 9.099 -13.946
19.870 0.696 -5.120 1.653 4.713 0.010 9.099 -13.953
19.877 0.645 -5.104 1.553 4.713 0.010 9.099 -13.960
19.882 0.594 -5.090 1.450 4.712 0.010 9.099 -13.966
19.888 0.543 -5.076 1.346 4.712 0.010 9.099 -13.971
19.893 0.492 -5.064 1.239 4.712 0.010 9.099 -13.976
19.897 0.442 -5.052 1.130 4.712 0.010 9.099 -13.981
19.901 0.392 -5.042 1.020 4.712 0.010 9.099 -13.985
19.905 0.341 -5.033 0.908 4.712 0.010 9.099 -13.988
19.907 0.291 -5.025 0.795 4.712 0.010 9.099 -13.991
19.910 0.241 -4.971 5.460 4.712 0.010 9.099 -13.993
19.912 0.195 -4.667 30.358 4.712 0.010 9.099 -13.995
19.913 0.153 -4.162 50.452 4.712 0.010 9.099 -13.997
19.915 0.116 -3.659 50.316 4.712 0.010 9.099 -13.998
19.915 0.085 -3.157 50.211 4.712 0.010 9.099 -13.999
19.916 0.058 -2.656 50.132 4.712 0.010 9.099 -13.999
19.916 0.037 -2.155 50.076 4.712 0.010 9.099 -14.000
19.917 0.020 -1.655 50.038 4.712 0.010 9.099 -14.000
19.917 0.009 -1.155 50.016 4.712 0.010 9.099 -14.000
19.917 0.002 -0.655 50.005 4.712 0.010 9.099 -14.000
19.917 0.000 -0.202 45.226 4.712 0.010 9.099 -14.000
0.000 0.005 0.500 50.000 6.283 0.010 0.000 -1.099
0.000 0.010 0.500 -0.000 6.283 0.010 0.000 -1.099
0.000 0.022 1.250 74.998 6.283 0.010 0.000 -1.099
0.001 0.040 1.750 49.992 6.283 0.010 0.001 -1.099
0.001 0.062 2.250 49.982 6.283 0.010 0.001 -1.099
0.002 0.090 2.749 49.966 6.283 0.010 0.002 -1.099
0.003 0.122 3.249 49.941 6.283 0.010 0.003 -1.099
0.005 0.160 3.748 49.907 6.283 0.010 0.005 -1.099
0.007 0.202 4.246 49.862 6.283 0.010 0.007 -1.099
0.010 0.250 4.745 49.804 6.283 0.010 0.010 -1.099
0.013 0.300 4.992 24.752 6.283 0.010 0.013 -1.099
0.016 0.350 4.989 -0.288 6.283 0.010 0.016 -1.099
0.020 0.400 4.986 -0.335 6.283 0.010 0.020 -1.099
0.025 0.449 4.982 -0.382 6.283 0.010 0.025 -1.099
0.030 0.499 4.978 -0.429 6.283 0.010 0.030 -1.099
0.035 0.549 4.973 -0.476 6.283 0.010 0.035 -1.099
0.041 0.599 4.968 -0.522 6.283 0.010 0.041 -1.099
0.048 0.648 4.962 -0.568 6.283 0.010 0.048 -1.099
0.055 0.698 4.956 -0.613 6.283 0.010 0.055 -1.099
0.062 0.747 4.949 -0.658 6.283 0.010 0.062 -1.099
0.070 0.797 4.942 -0.703 6.283 0.010 0.070 -1.099
0.078 0.846 4.935 -0.748 6.283 0.010 0.078 -1.099
0.087 0.895 4.927 -0.792 6.283 0.010 0.087 -1.099
0.097 0.944 4.919 -0.835 6.283 0.010 0.097 -1.099
0.107 0.994 4.910 -0.879 6.283 0.010 0.107 -1.099
0.117 1.043 4.901 -0.922 6.283 0.010 0.117 -1.099
0.128 1.091 4.891 -0.964 6.283 0.010 0.128 -1.099
0.140 1.140 4.881 -1.007 6.283 0.010 0.140 -1.099
0.151 1.189 4.870 -1.049 6.283 0.010 0.151 -1.099
0.164 1.238 4.859 -1.090 6.282 0.010 0.164 -1.099
0.177 1.286 4.848 -1.132 6.282 0.010 0.177 -1.099
0.190 1.334 4.836 -1.174 6.282 0.010 0.190 -1.099
0.204 1.383 4.824 -1.215 6.282 0.010 0.204 -1.099
0.218 1.431 4.812 -1.256 6.282 0.010 0.218 -1.099
0.233 1.479 4.799 -1.298 6.282 0.010 0.233 -1.099
0.248 1.527 4.785 -1.339 6.281 0.010 0.248 -1.099
0.264 1.574 4.772 -1.380 6.281 0.010 0.264 -1.099
0.280 1.622 4.757 -1.422 6.281 0.010 0.280 -1.099
0.297 1.669 4.743 -1.465 6.281 0.010 0.297 -1.099
0.314 1.717 4.728 -1.507 6.280 0.010 0.314 -1.099
0.332 1.764 4.712 -1.550 6.280 0.010 0.332 -1.099
0.350 1.811 4.696 -1.594 6.280 0.010 0.350 -1.099
0.368 1.857 4.680 -1.638 6.279 0.010 0.368 -1.099
0.387 1.904 4.663 -1.684 6.279 0.010 0.387 -1.100
0.407 1.951 4.646 -1.730 6.278 0.010 0.407 -1.100
0.427 1.997 4.628 -1.778 6.278 0.010 0.427 -1.100
0.447 2.043 4.610 -1.827 6.277 0.010 0.447 -1.100
0.468 2.089 4.591 -1.877 6.277 0.010 0.468 -1.100
0.489 2.135 4.571 -1.929 6.276 0.010 0.489 -1.100
0.511 2.180 4.552 -1.982 6.276 0.010 0.511 -1.100
0.534 2.225 4.531 -2.039 6.275 0.010 0.534 -1.100
0.556 2.270 4.510 -2.096 6.274 0.010 0.556 -1.101
0.579 2.315 4.489 -2.156 6.273 0.010 0.579 -1.101
0.603 2.360 4.467 -2.219 6.273 0.010 0.603 -1.101
0.627 2.404 4.444 -2.284 6.272 0.010 0.627 -1.101
0.652 2.449 4.420 -2.353 6.271 0.010 0.652 -1.102
0.676 2.493 4.396 -2.425 6.270 0.010 0.676 -1.102
0.702 2.536 4.371 -2.500 6.269 0.010 0.702 -1.102
0.728 2.580 4.345 -2.579 6.268 0.010 0.728 -1.103
0.754 2.623 4.319 -2.663 6.267 0.010 0.754 -1.103
0.780 2.666 4.291 -2.750 6.265 0.010 0.780 -1.104
0.808 2.709 4.263 -2.843 6.264 0.010 0.808 -1.104
0.835 2.751 4.233 -2.941 6.263 0.010 0.835 -1.105
0.863 2.793 4.203 -3.044 6.261 0.010 0.863 -1.105
0.891 2.835 4.171 -3.153 6.260 0.010 0.891 -1.106
0.920 2.876 4.139 -3.268 6.258 0.010 0.920 -1.107
0.949 2.917 4.105 -3.390 6.256 0.010 0.949 -1.107
0.979 2.958 4.069 -3.519 6.255 0.010 0.979 -1.108
1.009 2.998 4.033 -3.656 6.253 0.010 1.009 -1.109
1.039 3.038 3.995 -3.801 6.251 0.010 1.039 -1.110
1.070 3.078 3.955 -3.955 6.249 0.010 1.070 -1.111
1.101 3.117 3.914 -4.118 6.247 0.010 1.101 -1.112
1.133 3.155 3.871 -4.292 6.245 0.010 1.133 -1.113
1.165 3.194 3.826 -4.476 6.242 0.010 1.164 -1.115
1.197 3.231 3.780 -4.672 6.240 0.010 1.197 -1.116
1.230 3.269 3.731 -4.879 6.237 0.010 1.229 -1.117
1.263 3.306 3.680 -5.102 6.235 0.010 1.262 -1.119
1.296 3.342 3.627 -5.336 6.232 0.010 1.296 -1.121
1.330 3.378 3.571 -5.586 6.229 0.010 1.330 -1.122
1.364 3.413 3.512 -5.853 6.226 0.010 1.364 -1.124
1.399 3.447 3.451 -6.135 6.223 0.010 1.398 -1.126
1.433 3.481 3.386 -6.437 6.219 0.010 1.433 -1.128
1.468 3.514 3.319 -6.757 6.216 0.010 1.468 -1.131
1.504 3.547 3.248 -7.098 6.212 0.010 1.503 -1.133
1.540 3.578 3.173 -7.462 6.208 0.010 1.539 -1.136
1.576 3.609 3.095 -7.847 6.204 0.010 1.575 -1.139
1.612 3.640 3.012 -8.260 6.200 0.010 1.611 -1.142
1.649 3.669 2.925 -8.697 6.196 0.010 1.648 -1.145
1.686 3.697 2.834 -9.164 6.191 0.010 1.685 -1.148
1.723 3.724 2.737 -9.659 6.186 0.010 1.722 -1.152
1.761 3.751 2.635 -10.186 6.181 0.010 1.759 -1.155
1.798 3.776 2.528 -10.746 6.176 0.010 1.797 -1.159
1.836 3.800 2.414 -11.341 6.171 0.010 1.834 -1.163
1.875 3.823 2.295 -11.974 6.165 0.010 1.872 -1.168
1.913 3.845 2.168 -12.644 6.159 0.010 1.910 -1.172
1.952 3.865 2.035 -13.354 6.153 0.010 1.949 -1.177
1.991 3.884 1.894 -14.107 6.146 0.010 1.987 -1.182
2.030 3.902 1.745 -14.902 6.139 0.010 2.026 -1.188
2.069 3.917 1.587 -15.739 6.132 0.010 2.065 -1.194
2.108 3.932 1.421 -16.623 6.125 0.010 2.103 -1.200
2.147 3.942 1.041 -38.014 6.117 0.010 2.142 -1.206
2.187 3.947 0.454 -58.648 6.109 0.010 2.181 -1.213
2.226 3.945 -0.129 -58.283 6.100 0.010 2.220 -1.220
2.266 3.938 -0.707 -57.819 6.092 0.010 2.259 -1.227
2.305 3.925 -1.279 -57.239 6.082 0.010 2.297 -1.235
2.344 3.907 -1.844 -56.535 6.073 0.010 2.336 -1.243
2.383 3.883 -2.401 -55.687 6.063 0.010 2.373 -1.251
2.421 3.854 -2.948 -54.688 6.052 0.010 2.411 -1.260
2.460 3.819 -3.483 -53.519 6.042 0.010 2.448 -1.269
2.497 3.779 -4.005 -52.171 6.031 0.010 2.485 -1.278
2.535 3.735 -4.326 -32.062 6.019 0.010 2.521 -1.287
2.572 3.691 -4.455 -12.877 6.007 0.010 2.557 -1.297
2.608 3.645 -4.583 -12.810 5.995 0.010 2.592 -1.307
2.644 3.598 -4.709 -12.636 5.982 0.010 2.626 -1.318
2.680 3.550 -4.832 -12.343 5.969 0.010 2.660 -1.329
2.715 3.500 -4.951 -11.909 5.955 0.010 2.693 -1.340
2.749 3.449 -5.065 -11.319 5.941 0.010 2.726 -1.351
2.783 3.398 -5.170 -10.551 5.927 0.010 2.757 -1.363
2.817 3.345 -5.266 -9.585 5.912 0.010 2.789 -1.374
2.849 3.292 -5.350 -8.401 5.896 0.010 2.819 -1.387
2.882 3.237 -5.420 -6.978 5.880 0.010 2.849 -1.399
2.914 3.183 -5.473 -5.298 5.863 0.010 2.878 -1.412
2.945 3.128 -5.506 -3.345 5.846 0.010 2.907 -1.425
2.976 3.072 -5.517 -1.105 5.829 0.010 2.935 -1.438
3.006 3.017 -5.503 1.432 5.811 0.010 2.962 -1.452
3.035 2.963 -5.460 4.267 5.792 0.010 2.988 -1.465
3.065 2.909 -5.386 7.397 5.773 0.010 3.013 -1.479
3.093 2.856 -5.278 10.808 5.754 0.010 3.038 -1.493
3.121 2.805 -5.133 14.479 5.734 0.010 3.062 -1.508
3.149 2.755 -4.950 18.374 5.713 0.010 3.086 -1.522
3.176 2.708 -4.725 22.449 5.692 0.010 3.108 -1.537
3.202 2.663 -4.459 26.645 5.671 0.010 3.130 -1.552
3.229 2.622 -4.150 30.893 5.650 0.010 3.151 -1.568
3.255 2.584 -3.799 35.113 5.628 0.010 3.172 -1.583
3.280 2.550 -3.407 39.216 5.605 0.010 3.192 -1.599
3.305 2.520 -2.976 43.106 5.583 0.010 3.212 -1.615
3.330 2.495 -2.509 46.687 5.560 0.010 3.230 -1.631
3.355 2.475 -2.010 49.863 5.537 0.010 3.249 -1.648
3.380 2.460 -1.485 52.543 5.514 0.010 3.267 -1.665
3.404 2.451 -0.938 54.649 5.491 0.010 3.284 -1.682
3.428 2.447 -0.377 56.114 5.467 0.010 3.301 -1.700
3.453 2.449 0.192 56.894 5.444 0.010 3.318 -1.718
3.478 2.457 0.762 56.962 5.421 0.010 3.334 -1.736
3.502 2.470 1.325 56.316 5.398 0.010 3.350 -1.755
3.527 2.489 1.875 54.977 5.375 0.010 3.365 -1.775
3.552 2.513 2.404 52.985 5.353 0.010 3.381 -1.795
3.578 2.542 2.908 50.402 5.330 0.010 3.395 -1.815
3.603 2.575 3.381 47.305 5.308 0.010 3.410 -1.836
3.630 2.614 3.819 43.780 5.286 0.010 3.425 -1.858
3.656 2.656 4.218 39.925 5.265 0.010 3.439 -1.880
3.683 2.702 4.577 35.837 5.244 0.010 3.453 -1.904
3.711 2.751 4.893 31.612 5.224 0.010 3.466 -1.927
3.739 2.802 5.166 27.341 5.204 0.010 3.480 -1.952
3.767 2.856 5.397 23.107 5.184 0.010 3.493 -1.977
3.796 2.912 5.587 18.982 5.165 0.010 3.506 -2.003
3.826 2.969 5.738 15.029 5.147 0.010 3.519 -2.030
3.856 3.028 5.851 11.295 5.129 0.010 3.531 -2.058
3.887 3.087 5.929 7.817 5.111 0.010 3.544 -2.086
3.919 3.147 5.975 4.620 5.095 0.010 3.556 -2.115
3.951 3.207 5.992 1.721 5.078 0.010 3.567 -2.145
3.983 3.267 5.983 -0.876 5.062 0.010 3.579 -2.176
4.017 3.326 5.952 -3.173 5.047 0.010 3.590 -2.207
4.051 3.385 5.900 -5.175 5.032 0.010 3.601 -2.239
4.085 3.444 5.831 -6.897 5.018 0.010 3.611 -2.272
4.120 3.501 5.747 -8.355 5.005 0.010 3.622 -2.305
4.156 3.558 5.652 -9.567 4.992 0.010 3.632 -2.339
4.192 3.613 5.546 -10.554 4.979 0.010 3.641 -2.374
4.228 3.667 5.433 -11.336 4.967 0.010 3.651 -2.410
4.266 3.720 5.313 -11.934 4.955 0.010 3.660 -2.446
4.303 3.772 5.190 -12.369 4.944 0.010 3.669 -2.482
4.341 3.823 5.063 -12.659 4.933 0.010 3.677 -2.520
4.380 3.872 4.935 -12.823 4.923 0.010 3.686 -2.558
4.419 3.920 4.806 -12.878 4.913 0.010 3.694 -2.596
4.459 3.967 4.678 -12.839 4.904 0.010 3.701 -2.635
4.499 4.013 4.551 -12.721 4.895 0.010 3.709 -2.674
4.540 4.057 4.425 -12.537 4.886 0.010 3.716 -2.714
4.581 4.100 4.302 -12.297 4.878 0.010 3.723 -2.755
4.622 4.142 4.182 -12.012 4.870 0.010 3.730 -2.795
4.664 4.182 4.065 -11.691 4.863 0.010 3.736 -2.837
4.706 4.222 3.952 -11.341 4.856 0.010 3.742 -2.879
4.749 4.260 3.842 -10.969 4.849 0.010 3.748 -2.921
4.792 4.298 3.736 -10.580 4.843 0.010 3.754 -2.963
4.835 4.334 3.634 -10.181 4.837 0.010 3.759 -3.006
4.879 4.369 3.537 -9.774 4.831 0.010 3.765 -3.050
4.923 4.404 3.443 -9.364 4.825 0.010 3.770 -3.093
4.967 4.437 3.354 -8.953 4.820 0.010 3.775 -3.138
5.012 4.470 3.268 -8.544 4.815 0.010 3.779 -3.182
5.057 4.502 3.187 -8.139 4.811 0.010 3.784 -3.227
5.102 4.533 3.109 -7.740 4.807 0.010 3.788 -3.272
5.148 4.563 3.036 -7.348 4.803 0.010 3.793 -3.317
5.194 4.593 2.966 -6.963 4.799 0.010 3.797 -3.363
5.240 4.622 2.900 -6.587 4.796 0.010 3.800 -3.409
5.287 4.650 2.838 -6.221 4.792 0.010 3.804 -3.455
5.333 4.678 2.779 -5.864 4.789 0.010 3.808 -3.502
5.380 4.705 2.724 -5.517 4.787 0.010 3.811 -3.549
5.428 4.732 2.672 -5.181 4.784 0.010 3.815 -3.596
5.475 4.758 2.624 -4.855 4.782 0.010 3.818 -3.644
5.523 4.784 2.579 -4.540 4.780 0.010 3.822 -3.691
5.571 4.810 2.536 -4.234 4.778 0.010 3.825 -3.739
5.620 4.835 2.497 -3.940 4.777 0.010 3.828 -3.788
5.668 4.859 2.460 -3.655 4.776 0.010 3.831 -3.836
5.717 4.883 2.426 -3.380 4.775 0.010 3.834 -3.885
5.766 4.907 2.395 -3.116 4.774 0.010 3.837 -3.934
5.815 4.931 2.367 -2.861 4.773 0.010 3.840 -3.983
5.865 4.954 2.341 -2.615 4.773 0.010 3.843 -4.033
5.915 4.978 2.317 -2.380 4.772 0.010 3.846 -4.082
5.965 5.001 2.295 -2.154 4.772 0.010 3.849 -4.132
6.015 5.023 2.276 -1.937 4.773 0.010 3.852 -4.182
6.065 5.046 2.259 -1.729 4.773 0.010 3.855 -4.233
6.116 5.068 2.243 -1.531 4.774 0.010 3.858 -4.283
6.167 5.091 2.230 -1.342 4.775 0.010 3.861 -4.334
6.218 5.113 2.218 -1.163 4.776 0.010 3.865 -4.385
6.270 5.135 2.208 -0.993 4.777 0.010 3.868 -4.436
6.321 5.157 2.200 -0.833 4.778 0.010 3.871 -4.488
6.373 5.179 2.193 -0.682 4.780 0.010 3.875 -4.539
6.425 5.201 2.188 -0.542 4.782 0.010 3.878 -4.591
6.477 5.223 2.184 -0.412 4.784 0.010 3.882 -4.643
6.530 5.244 2.181 -0.293 4.786 0.010 3.886 -4.696
6.582 5.266 2.179 -0.186 4.788 0.010 3.890 -4.748
6.635 5.288 2.178 -0.090 4.791 0.010 3.894 -4.801
6.688 5.310 2.178 -0.007 4.794 0.010 3.898 -4.854
6.742 5.331 2.178 0.063 4.797 0.010 3.902 -4.907
6.795 5.353 2.180 0.120 4.800 0.010 3.907 -4.960
6.849 5.375 2.181 0.161 4.803 0.010 3.912 -5.014
6.903 5.397 2.183 0.187 4.807 0.010 3.917 -5.068
6.957 5.419 2.185 0.197 4.811 0.010 3.922 -5.122
7.011 5.441 2.187 0.189 4.815 0.010 3.928 -5.176
7.066 5.463 2.189 0.162 4.819 0.010 3.933 -5.230
7.121 5.484 2.190 0.115 4.824 0.010 3.939 -5.285
7.176 5.506 2.190 0.048 4.828 0.010 3.945 -5.339
7.231 5.528 2.190 -0.043 4.833 0.010 3.952 -5.394
7.287 5.550 2.188 -0.157 4.838 0.010 3.959 -5.449
7.342 5.572 2.185 -0.297 4.843 0.010 3.966 -5.505
7.398 5.594 2.181 -0.464 4.849 0.010 3.973 -5.560
7.455 5.616 2.174 -0.659 4.854 0.010 3.981 -5.616
7.511 5.637 2.165 -0.884 4.860 0.010 3.989 -5.671
7.567 5.659 2.154 -1.141 4.866 0.010 3.998 -5.727
7.624 5.680 2.139 -1.430 4.872 0.010 4.007 -5.783
7.681 5.701 2.122 -1.755 4.879 0.010 4.016 -5.840
7.739 5.722 2.101 -2.115 4.885 0.010 4.025 -5.896
7.796 5.743 2.076 -2.512 4.892 0.010 4.036 -5.953
7.854 5.764 2.046 -2.948 4.899 0.010 4.046 -6.009
7.911 5.784 2.012 -3.424 4.906 0.010 4.057 -6.066
7.969 5.803 1.973 -3.939 4.913 0.010 4.068 -6.123
8.028 5.823 1.928 -4.495 4.921 0.010 4.080 -6.180
8.086 5.841 1.877 -5.092 4.928 0.010 4.092 -6.237
8.145 5.860 1.819 -5.730 4.936 0.010 4.105 -6.294
8.203 5.877 1.755 -6.408 4.944 0.010 4.118 -6.352
8.262 5.894 1.684 -7.125 4.952 0.010 4.132 -6.409
8.321 5.910 1.605 -7.881 4.961 0.010 4.147 -6.466
8.381 5.925 1.518 -8.673 4.969 0.010 4.161 -6.524
8.440 5.939 1.424 -9.498 4.978 0.010 4.177 -6.581
8.500 5.953 1.320 -10.355 4.986 0.010 4.192 -6.638
8.559 5.965 1.208 -11.239 4.995 0.010 4.209 -6.696
8.619 5.976 1.086 -12.146 5.004 0.010 4.226 -6.753
8.679 5.985 0.955 -13.072 5.013 0.010 4.243 -6.810
8.739 5.993 0.815 -14.013 5.022 0.010 4.261 -6.867
8.799 6.000 0.666 -14.962 5.031 0.010 4.280 -6.924
8.859 6.005 0.507 -15.914 5.040 0.010 4.299 -6.981
8.919 6.008 0.338 -16.862 5.049 0.010 4.318 -7.038
8.979 6.010 0.160 -17.801 5.059 0.010 4.339 -7.095
9.039 6.010 -0.027 -18.724 5.068 0.010 4.359 -7.151
9.099 6.008 -0.224 -19.624 5.077 0.010 4.380 -7.208
9.159 6.003 -0.429 -20.495 5.086 0.010 4.402 -7.264
9.219 5.997 -0.642 -21.332 5.095 0.010 4.424 -7.319
9.279 5.988 -0.863 -22.127 5.104 0.010 4.447 -7.375
9.339 5.977 -1.092 -22.878 5.113 0.010 4.470 -7.430
9.399 5.964 -1.328 -23.579 5.122 0.010 4.493 -7.485
9.458 5.948 -1.570 -24.226 5.130 0.010 4.517 -7.539
9.517 5.930 -1.818 -24.817 5.139 0.010 4.542 -7.593
9.576 5.909 -2.072 -25.349 5.147 0.010 4.566 -7.647
9.635 5.886 -2.330 -25.823 5.155 0.010 4.591 -7.700
9.694 5.860 -2.592 -26.237 5.163 0.010 4.617 -7.753
9.752 5.832 -2.858 -26.593 5.171 0.010 4.642 -7.805
9.810 5.800 -3.127 -26.894 5.178 0.010 4.668 -7.857
9.868 5.766 -3.398 -27.141 5.185 0.010 4.694 -7.909
9.925 5.730 -3.672 -27.337 5.191 0.010 4.720 -7.960
9.982 5.690 -3.947 -27.488 5.198 0.010 4.747 -8.010
10.039 5.648 -4.223 -27.597 5.204 0.010 4.773 -8.060
10.095 5.603 -4.499 -27.669 5.209 0.010 4.800 -8.109
10.150 5.555 -4.777 -27.708 5.214 0.010 4.826 -8.158
10.205 5.505 -5.054 -27.719 5.219 0.010 4.853 -8.206
10.260 5.451 -5.331 -27.703 5.223 0.010 4.879 -8.254
10.314 5.395 -5.607 -27.665 5.226 0.010 4.906 -8.301
10.367 5.336 -5.883 -27.605 5.230 0.010 4.932 -8.347
10.420 5.275 -6.159 -27.523 5.232 0.010 4.958 -8.393
10.472 5.210 -6.433 -27.416 5.234 0.010 4.984 -8.438
10.523 5.143 -6.706 -27.280 5.235 0.010 5.010 -8.483
10.574 5.074 -6.977 -27.109 5.236 0.010 5.035 -8.527
10.624 5.010 -6.338 63.904 5.236 0.010 5.060 -8.570
10.674 5.004 -0.678 565.925 5.236 0.010 5.085 -8.614
10.724 5.006 0.281 95.971 5.236 0.010 5.110 -8.657
10.774 5.008 0.203 -7.843 5.236 0.010 5.135 -8.700
10.824 5.010 0.126 -7.666 5.236 0.010 5.160 -8.744
10.875 5.010 0.051 -7.489 5.236 0.010 5.186 -8.787
10.925 5.010 -0.022 -7.311 5.236 0.010 5.211 -8.831
10.975 5.009 -0.093 -7.133 5.237 0.010 5.236 -8.874
11.025 5.007 -0.163 -6.956 5.237 0.010 5.261 -8.917
11.075 5.005 -0.230 -6.779 5.237 0.010 5.286 -8.961
11.125 5.002 -0.296 -6.603 5.237 0.010 5.311 -9.004
11.175 4.998 -0.361 -6.428 5.237 0.010 5.336 -9.047
11.225 4.994 -0.423 -6.255 5.237 0.010 5.361 -9.090
11.275 4.989 -0.484 -6.083 5.236 0.010 5.386 -9.134
11.325 4.984 -0.543 -5.913 5.236 0.010 5.411 -9.177
11.374 4.978 -0.601 -5.745 5.236 0.010 5.436 -9.220
11.424 4.971 -0.657 -5.579 5.236 0.010 5.461 -9.263
11.474 4.964 -0.711 -5.415 5.236 0.010 5.485 -9.306
11.523 4.957 -0.763 -5.253 5.235 0.010 5.510 -9.349
11.573 4.949 -0.814 -5.094 5.235 0.010 5.535 -9.392
11.622 4.940 -0.864 -4.936 5.234 0.010 5.559 -9.435
11.671 4.931 -0.911 -4.781 5.234 0.010 5.584 -9.477
11.721 4.921 -0.958 -4.628 5.233 0.010 5.608 -9.520
11.770 4.911 -1.002 -4.476 5.232 0.010 5.633 -9.563
11.819 4.901 -1.046 -4.327 5.231 0.010 5.657 -9.605
11.868 4.890 -1.087 -4.179 5.230 0.010 5.681 -9.648
11.916 4.879 -1.128 -4.033 5.229 0.010 5.706 -9.690
11.965 4.867 -1.167 -3.889 5.228 0.010 5.730 -9.732
12.014 4.855 -1.204 -3.745 5.226 0.010 5.753 -9.775
12.062 4.842 -1.240 -3.603 5.225 0.010 5.777 -9.817
12.110 4.830 -1.275 -3.461 5.223 0.010 5.801 -9.859
12.159 4.817 -1.308 -3.319 5.222 0.010 5.824 -9.901
12.207 4.803 -1.340 -3.178 5.220 0.010 5.848 -9.943
12.254 4.790 -1.370 -3.036 5.218 0.010 5.871 -9.985
12.302 4.776 -1.399 -2.894 5.216 0.010 5.894 -10.027
12.350 4.761 -1.427 -2.751 5.214 0.010 5.917 -10.068
12.397 4.747 -1.453 -2.607 5.212 0.010 5.940 -10.110
12.445 4.732 -1.477 -2.460 5.209 0.010 5.962 -10.152
12.492 4.717 -1.500 -2.312 5.207 0.010 5.985 -10.193
12.539 4.702 -1.522 -2.161 5.204 0.010 6.007 -10.234
12.586 4.686 -1.542 -2.007 5.201 0.010 6.029 -10.276
12.632 4.671 -1.561 -1.850 5.198 0.010 6.051 -10.317
12.679 4.655 -1.577 -1.688 5.195 0.010 6.073 -10.358
12.725 4.639 -1.593 -1.523 5.192 0.010 6.094 -10.399
12.772 4.623 -1.606 -1.352 5.188 0.010 6.115 -10.440
12.818 4.607 -1.618 -1.177 5.185 0.010 6.136 -10.481
12.864 4.590 -1.628 -0.996 5.181 0.010 6.157 -10.522
12.909 4.574 -1.636 -0.809 5.177 0.010 6.178 -10.563
12.955 4.558 -1.642 -0.616 5.173 0.010 6.198 -10.604
13.000 4.541 -1.646 -0.416 5.169 0.010 6.218 -10.645
13.045 4.525 -1.648 -0.209 5.164 0.010 6.238 -10.685
13.091 4.508 -1.648 0.005 5.160 0.010 6.258 -10.726
13.135 4.492 -1.646 0.226 5.155 0.010 6.277 -10.767
13.180 4.475 -1.642 0.455 5.151 0.010 6.296 -10.807
13.225 4.459 -1.635 0.692 5.146 0.010 6.315 -10.847
13.269 4.443 -1.625 0.937 5.141 0.010 6.333 -10.888
13.314 4.427 -1.613 1.189 5.135 0.010 6.352 -10.928
13.358 4.411 -1.599 1.449 5.130 0.010 6.370 -10.968
13.402 4.395 -1.582 1.717 5.124 0.010 6.387 -11.009
13.445 4.379 -1.562 1.992 5.119 0.010 6.405 -11.049
13.489 4.364 -1.539 2.274 5.113 0.010 6.422 -11.089
13.533 4.349 -1.513 2.563 5.107 0.010 6.439 -11.129
13.576 4.334 -1.485 2.858 5.101 0.010 6.455 -11.169
13.619 4.319 -1.453 3.158 5.095 0.010 6.472 -11.209
13.662 4.305 -1.419 3.464 5.089 0.010 6.488 -11.249
13.705 4.291 -1.381 3.773 5.082 0.010 6.503 -11.289
13.748 4.278 -1.340 4.085 5.076 0.010 6.519 -11.329
13.790 4.265 -1.296 4.399 5.069 0.010 6.534 -11.369
13.833 4.253 -1.249 4.715 5.062 0.010 6.548 -11.409
13.875 4.241 -1.199 5.030 5.055 0.010 6.563 -11.449
13.918 4.229 -1.145 5.344 5.048 0.010 6.577 -11.489
13.960 4.218 -1.089 5.655 5.041 0.010 6.590 -11.528
14.002 4.208 -1.029 5.963 5.034 0.010 6.604 -11.568
14.044 4.198 -0.966 6.265 5.026 0.010 6.617 -11.608
14.086 4.189 -0.941 2.563 5.019 0.010 6.630 -11.648
14.128 4.178 -1.121 -18.004 5.012 0.010 6.642 -11.688
14.169 4.163 -1.465 -34.426 5.004 0.010 6.654 -11.728
14.211 4.145 -1.804 -33.932 4.997 0.010 6.666 -11.768
14.252 4.124 -2.140 -33.531 4.989 0.010 6.678 -11.807
14.293 4.099 -2.472 -33.227 4.981 0.010 6.689 -11.847
14.334 4.071 -2.802 -33.024 4.974 0.010 6.699 -11.886
14.374 4.039 -3.131 -32.926 4.966 0.010 6.710 -11.925
14.414 4.005 -3.461 -32.932 4.959 0.010 6.720 -11.964
14.454 3.967 -3.791 -33.042 4.951 0.010 6.729 -12.002
14.493 3.926 -4.084 -29.300 4.944 0.010 6.738 -12.040
14.532 3.884 -4.173 -8.908 4.937 0.010 6.747 -12.078
14.570 3.843 -4.099 7.464 4.929 0.010 6.755 -12.116
14.608 3.803 -4.028 7.067 4.922 0.010 6.763 -12.153
14.646 3.764 -3.961 6.661 4.915 0.010 6.771 -12.190
14.683 3.725 -3.899 6.249 4.908 0.010 6.779 -12.226
14.720 3.686 -3.840 5.833 4.901 0.010 6.786 -12.263
14.756 3.648 -3.786 5.416 4.894 0.010 6.792 -12.298
14.793 3.611 -3.736 5.000 4.888 0.010 6.799 -12.334
14.828 3.574 -3.690 4.586 4.881 0.010 6.805 -12.369
14.864 3.537 -3.649 4.176 4.875 0.010 6.811 -12.404
14.899 3.501 -3.611 3.773 4.869 0.010 6.816 -12.439
14.933 3.466 -3.577 3.377 4.863 0.010 6.822 -12.473
14.968 3.430 -3.547 2.990 4.857 0.010 6.827 -12.507
15.002 3.395 -3.521 2.613 4.851 0.010 6.831 -12.540
15.035 3.360 -3.499 2.247 4.845 0.010 6.836 -12.574
15.068 3.325 -3.480 1.892 4.839 0.010 6.840 -12.607
15.101 3.291 -3.464 1.551 4.834 0.010 6.844 -12.639
15.134 3.256 -3.452 1.222 4.829 0.010 6.848 -12.672
15.166 3.222 -3.443 0.907 4.823 0.010 6.852 -12.704
15.198 3.187 -3.437 0.605 4.818 0.010 6.855 -12.735
15.230 3.153 -3.434 0.317 4.813 0.010 6.858 -12.767
15.261 3.119 -3.433 0.044 4.809 0.010 6.862 -12.798
15.292 3.084 -3.435 -0.216 4.804 0.010 6.864 -12.828
15.322 3.050 -3.440 -0.462 4.800 0.010 6.867 -12.859
15.352 3.015 -3.447 -0.694 4.795 0.010 6.870 -12.889
15.382 2.981 -3.456 -0.913 4.791 0.010 6.872 -12.919
15.411 2.946 -3.467 -1.119 4.787 0.010 6.874 -12.948
15.441 2.911 -3.480 -1.312 4.783 0.010 6.876 -12.977
15.469 2.876 -3.495 -1.493 4.779 0.010 6.878 -13.006
15.498 2.841 -3.512 -1.662 4.776 0.010 6.880 -13.034
15.526 2.806 -3.530 -1.819 4.772 0.010 6.882 -13.062
15.554 2.770 -3.550 -1.965 4.769 0.010 6.884 -13.090
15.581 2.735 -3.571 -2.100 4.766 0.010 6.885 -13.117
15.608 2.699 -3.593 -2.226 4.763 0.010 6.887 -13.144
15.635 2.663 -3.617 -2.341 4.760 0.010 6.888 -13.171
15.661 2.626 -3.641 -2.448 4.757 0.010 6.889 -13.197
15.687 2.589 -3.666 -2.545 4.754 0.010 6.890 -13.223
15.712 2.553 -3.693 -2.634 4.751 0.010 6.891 -13.248
15.737 2.515 -3.720 -2.715 4.749 0.010 6.892 -13.273
15.762 2.478 -3.748 -2.788 4.746 0.010 6.893 -13.298
15.787 2.440 -3.776 -2.854 4.744 0.010 6.894 -13.322
15.811 2.402 -3.806 -2.913 4.742 0.010 6.895 -13.346
15.834 2.364 -3.835 -2.965 4.740 0.010 6.895 -13.370
15.857 2.325 -3.865 -3.011 4.738 0.010 6.896 -13.393
15.880 2.286 -3.896 -3.051 4.736 0.010 6.896 -13.416
15.903 2.247 -3.927 -3.086 4.734 0.010 6.897 -13.439
15.925 2.207 -3.958 -3.114 4.733 0.010 6.897 -13.461
15.947 2.167 -3.989 -3.138 4.731 0.010 6.898 -13.482
15.968 2.127 -4.021 -3.156 4.730 0.010 6.898 -13.504
15.989 2.087 -4.052 -3.170 4.728 0.010 6.899 -13.524
16.009 2.046 -4.084 -3.178 4.727 0.010 6.899 -13.545
16.029 2.005 -4.116 -3.182 4.726 0.010 6.899 -13.565
16.049 1.963 -4.148 -3.182 4.725 0.010 6.899 -13.585
16.068 1.921 -4.180 -3.177 4.723 0.010 6.900 -13.604
16.087 1.879 -4.211 -3.168 4.722 0.010 6.900 -13.623
16.105 1.837 -4.243 -3.155 4.721 0.010 6.900 -13.641
16.123 1.794 -4.274 -3.138 4.721 0.010 6.900 -13.659
16.141 1.751 -4.305 -3.117 4.720 0.010 6.900 -13.676
16.158 1.708 -4.336 -3.092 4.719 0.010 6.900 -13.694
16.174 1.664 -4.367 -3.063 4.718 0.010 6.900 -13.710
16.191 1.620 -4.397 -3.031 4.718 0.010 6.901 -13.726
16.206 1.576 -4.427 -2.994 4.717 0.010 6.901 -13.742
16.222 1.531 -4.457 -2.954 4.717 0.010 6.901 -13.757
16.236 1.486 -4.486 -2.911 4.716 0.010 6.901 -13.772
16.251 1.441 -4.515 -2.863 4.716 0.010 6.901 -13.787
16.265 1.396 -4.543 -2.812 4.715 0.010 6.901 -13.801
16.278 1.350 -4.570 -2.758 4.715 0.010 6.901 -13.814
16.291 1.304 -4.597 -2.700 4.715 0.010 6.901 -13.827
16.304 1.258 -4.624 -2.638 4.714 0.010 6.901 -13.840
16.316 1.211 -4.649 -2.574 4.714 0.010 6.901 -13.852
16.328 1.165 -4.674 -2.505 4.714 0.010 6.901 -13.864
16.339 1.118 -4.699 -2.434 4.714 0.010 6.901 -13.875
16.350 1.070 -4.722 -2.359 4.713 0.010 6.901 -13.885
16.360 1.023 -4.745 -2.281 4.713 0.010 6.901 -13.896
16.370 0.975 -4.767 -2.200 4.713 0.010 6.901 -13.905
16.379 0.927 -4.788 -2.116 4.713 0.010 6.901 -13.915
16.388 0.879 -4.809 -2.029 4.713 0.010 6.901 -13.923
16.396 0.831 -4.828 -1.939 4.713 0.010 6.901 -13.932
16.404 0.783 -4.846 -1.846 4.713 0.010 6.901 -13.940
16.411 0.734 -4.864 -1.751 4.713 0.010 6.901 -13.947
16.418 0.685 -4.880 -1.653 4.713 0.010 6.901 -13.954
16.424 0.636 -4.896 -1.553 4.713 0.010 6.901 -13.960
16.430 0.587 -4.910 -1.450 4.712 0.010 6.901 -13.966
16.436 0.538 -4.924 -1.346 4.712 0.010 6.901 -13.971
16.440 0.488 -4.936 -1.239 4.712 0.010 6.901 -13.976
16.445 0.439 -4.948 -1.130 4.712 0.010 6.901 -13.981
16.449 0.389 -4.958 -1.020 4.712 0.010 6.901 -13.985
16.452 0.340 -4.967 -0.908 4.712 0.010 6.901 -13.988
16.455 0.290 -4.975 -0.795 4.712 0.010 6.901 -13.991
16.457 0.241 -4.934 4.090 4.712 0.010 6.901 -13.993
16.459 0.194 -4.642 29.192 4.712 0.010 6.901 -13.995
16.461 0.153 -4.147 49.548 4.712 0.010 6.901 -13.997
16.462 0.116 -3.650 49.684 4.712 0.010 6.901 -13.998
16.463 0.085 -3.152 49.789 4.712 0.010 6.901 -13.999
16.463 0.058 -2.653 49.868 4.712 0.010 6.901 -13.999
16.464 0.037 -2.154 49.924 4.712 0.010 6.901 -14.000
16.464 0.020 -1.654 49.962 4.712 0.010 6.901 -14.000
16.464 0.009 -1.154 49.984 4.712 0.010 6.901 -14.000
16.464 0.002 -0.654 49.995 4.712 0.010 6.901 -14.000
16.464 0.000 -0.202 45.224 4.712 0.010 6.901 -14.000
