VisionRedCenter
430
0.000 0.020 1.000 50.000 3.142 0.020 -0.000 -1.099
0.001 0.040 1.000 0.000 3.142 0.020 -0.001 -1.099
0.003 0.090 2.500 75.000 3.142 0.020 -0.003 -1.099
0.006 0.160 3.500 50.000 3.142 0.020 -0.006 -1.099
0.011 0.250 4.500 50.000 3.142 0.020 -0.011 -1.099
0.018 0.350 5.000 25.000 3.142 0.020 -0.018 -1.099
0.027 0.450 5.000 0.000 3.142 0.020 -0.027 -1.099
0.038 0.550 5.000 -0.000 3.142 0.020 -0.038 -1.099
0.051 0.650 5.000 -0.000 3.142 0.020 -0.051 -1.099
0.066 0.750 5.000 0.000 3.142 0.020 -0.066 -1.099
0.083 0.850 5.000 -0.000 3.142 0.020 -0.083 -1.099
0.102 0.950 5.000 -0.000 3.142 0.020 -0.102 -1.099
0.123 1.050 5.000 0.000 3.142 0.020 -0.123 -1.099
0.146 1.150 5.000 0.000 3.142 0.020 -0.146 -1.099
0.171 1.250 5.000 0.000 3.142 0.020 -0.171 -1.099
0.198 1.350 5.000 -0.000 3.142 0.020 -0.198 -1.099
0.227 1.450 5.000 -0.000 3.142 0.020 -0.227 -1.099
0.258 1.550 5.000 0.000 3.142 0.020 -0.258 -1.099
0.291 1.650 5.000 0.000 3.142 0.020 -0.291 -1.099
0.326 1.750 5.000 -0.000 3.142 0.020 -0.326 -1.099
0.363 1.850 5.000 0.000 3.142 0.020 -0.363 -1.099
0.402 1.950 5.000 -0.000 3.142 0.020 -0.402 -1.099
0.443 2.050 5.000 0.000 3.142 0.020 -0.443 -1.099
0.486 2.150 5.000 -0.000 3.142 0.020 -0.486 -1.099
0.531 2.250 5.000 0.000 3.142 0.020 -0.531 -1.099
0.578 2.350 5.000 -0.000 3.142 0.020 -0.578 -1.099
0.627 2.450 5.000 0.000 3.142 0.020 -0.627 -1.099
0.678 2.550 5.000 -0.000 3.142 0.020 -0.678 -1.099
0.731 2.650 5.000 -0.000 3.142 0.020 -0.731 -1.099
0.786 2.750 5.000 0.000 3.142 0.020 -0.786 -1.099
0.843 2.850 5.000 -0.000 3.142 0.020 -0.843 -1.099
0.902 2.950 5.000 0.000 3.142 0.020 -0.902 -1.099
0.963 3.050 5.000 0.000 3.142 0.020 -0.963 -1.099
1.026 3.150 5.000 -0.000 3.142 0.020 -1.026 -1.099
1.091 3.250 5.000 0.000 3.142 0.020 -1.091 -1.099
1.158 3.350 5.000 -0.000 3.142 0.020 -1.158 -1.099
1.227 3.450 5.000 -0.000 3.142 0.020 -1.227 -1.099
1.298 3.550 5.000 0.000 3.142 0.020 -1.298 -1.099
1.371 3.650 5.000 0.000 3.142 0.020 -1.371 -1.099
1.446 3.750 5.000 0.000 3.142 0.020 -1.446 -1.099
1.523 3.850 5.000 0.000 3.142 0.020 -1.523 -1.099
1.602 3.950 5.000 -0.000 3.142 0.020 -1.602 -1.099
1.683 4.050 5.000 0.000 3.142 0.020 -1.683 -1.099
1.766 4.150 5.000 -0.000 3.142 0.020 -1.766 -1.099
1.851 4.250 5.000 0.000 3.142 0.020 -1.851 -1.099
1.938 4.350 5.000 0.000 3.142 0.020 -1.938 -1.099
2.027 4.450 5.000 -0.000 3.142 0.020 -2.027 -1.099
2.118 4.550 5.000 0.000 3.142 0.020 -2.118 -1.099
2.211 4.650 5.000 -0.000 3.142 0.020 -2.211 -1.099
2.306 4.750 5.000 0.000 3.142 0.020 -2.306 -1.099
2.403 4.840 4.500 -25.000 3.142 0.020 -2.403 -1.099
2.501 4.910 3.500 -50.000 3.142 0.020 -2.501 -1.099
2.600 4.960 2.500 -50.000 3.142 0.020 -2.600 -1.099
2.700 4.990 1.500 -50.000 3.142 0.020 -2.700 -1.099
2.800 5.000 0.500 -50.000 3.142 0.020 -2.800 -1.099
2.900 5.000 -0.000 -25.000 3.142 0.020 -2.900 -1.099
3.000 5.000 0.000 0.000 3.142 0.020 -3.000 -1.099
3.100 5.000 -0.000 -0.000 3.142 0.020 -3.100 -1.099
3.200 5.000 0.000 0.000 3.142 0.020 -3.200 -1.099
3.300 5.000 0.000 0.000 3.142 0.020 -3.300 -1.099
3.400 5.000 0.000 0.000 3.142 0.020 -3.400 -1.099
3.500 5.000 0.000 0.000 3.142 0.020 -3.500 -1.099
3.600 5.000 -0.000 -0.000 3.142 0.020 -3.600 -1.099
3.700 5.000 0.000 0.000 3.142 0.020 -3.700 -1.099
3.800 5.000 -0.000 -0.000 3.142 0.020 -3.800 -1.099
3.900 5.000 0.000 0.000 3.142 0.020 -3.900 -1.099
4.000 5.000 -0.000 -0.000 3.142 0.020 -4.000 -1.099
4.100 5.000 -0.000 -0.000 3.142 0.020 -4.100 -1.099
4.200 5.000 0.000 0.000 3.142 0.020 -4.200 -1.099
4.300 5.000 0.000 -0.000 3.142 0.020 -4.300 -1.099
4.400 5.000 -0.000 -0.000 3.142 0.020 -4.400 -1.099
4.500 5.000 0.000 0.000 3.142 0.020 -4.500 -1.099
4.600 5.000 -0.000 -0.000 3.142 0.020 -4.600 -1.099
4.700 5.000 -0.000 -0.000 3.142 0.020 -4.700 -1.099
4.800 5.000 -0.000 -0.000 3.142 0.020 -4.800 -1.099
4.900 5.000 0.000 0.000 3.142 0.020 -4.900 -1.099
5.000 5.000 0.000 0.000 3.142 0.020 -5.000 -1.099
5.100 5.000 -0.000 -0.000 3.142 0.020 -5.100 -1.099
5.200 5.000 0.000 0.000 3.142 0.020 -5.200 -1.099
5.300 5.000 0.000 -0.000 3.142 0.020 -5.300 -1.099
5.400 5.000 -0.000 -0.000 3.142 0.020 -5.400 -1.099
5.500 5.000 0.000 0.000 3.142 0.020 -5.500 -1.099
5.600 5.000 0.000 0.000 3.142 0.020 -5.600 -1.099
5.700 5.000 0.000 -0.000 3.142 0.020 -5.700 -1.099
5.800 5.000 -0.000 -0.000 3.142 0.020 -5.800 -1.099
5.900 5.000 0.000 0.000 3.142 0.020 -5.900 -1.099
6.000 5.000 0.000 -0.000 3.142 0.020 -6.000 -1.099
6.100 5.000 0.000 0.000 3.142 0.020 -6.100 -1.099
6.200 5.000 -0.000 -0.000 3.142 0.020 -6.200 -1.099
6.300 5.000 0.000 0.000 3.142 0.020 -6.300 -1.099
6.400 5.000 0.000 0.000 3.142 0.020 -6.400 -1.099
6.500 5.000 0.000 -0.000 3.142 0.020 -6.500 -1.099
6.600 5.000 -0.000 -0.000 3.142 0.020 -6.600 -1.099
6.700 5.000 0.000 0.000 3.142 0.020 -6.700 -1.099
6.800 5.000 0.000 0.000 3.142 0.020 -6.800 -1.099
6.900 5.000 -0.000 -0.000 3.142 0.020 -6.900 -1.099
7.000 5.000 0.000 0.000 3.142 0.020 -7.000 -1.099
7.100 5.000 0.000 -0.000 3.142 0.020 -7.100 -1.099
7.200 5.000 -0.000 -0.000 3.142 0.020 -7.200 -1.099
7.300 5.000 0.000 0.000 3.142 0.020 -7.300 -1.099
7.400 5.000 0.000 -0.000 3.142 0.020 -7.400 -1.099
7.500 5.000 -0.000 -0.000 3.142 0.020 -7.500 -1.099
7.600 5.000 0.000 0.000 3.142 0.020 -7.600 -1.099
7.700 5.000 0.000 0.000 3.142 0.020 -7.700 -1.099
7.800 5.000 -0.000 -0.000 3.142 0.020 -7.800 -1.099
7.900 5.000 0.000 0.000 3.142 0.020 -7.900 -1.099
8.000 5.000 -0.000 -0.000 3.142 0.020 -8.000 -1.099
8.100 5.000 0.000 0.000 3.142 0.020 -8.100 -1.099
8.200 5.000 0.000 0.000 3.142 0.020 -8.200 -1.099
8.300 5.000 0.000 -0.000 3.142 0.020 -8.300 -1.099
8.400 5.000 0.000 0.000 3.142 0.020 -8.400 -1.099
8.500 5.000 -0.000 -0.000 3.142 0.020 -8.500 -1.099
8.600 5.000 0.000 0.000 3.142 0.020 -8.600 -1.099
8.700 5.000 0.000 -0.000 3.142 0.020 -8.700 -1.099
8.800 5.000 0.000 0.000 3.142 0.020 -8.800 -1.099
8.900 5.000 -0.000 -0.000 3.142 0.020 -8.900 -1.099
9.000 5.000 0.000 0.000 3.142 0.020 -9.000 -1.099
9.100 5.000 0.000 -0.000 3.142 0.020 -9.100 -1.099
9.200 5.000 0.000 0.000 3.142 0.020 -9.200 -1.099
9.300 5.000 -0.000 -0.000 3.142 0.020 -9.300 -1.099
9.400 5.000 0.000 0.000 3.142 0.020 -9.400 -1.099
9.500 5.000 0.000 -0.000 3.142 0.020 -9.500 -1.099
9.600 5.000 -0.000 -0.000 3.142 0.020 -9.600 -1.099
9.700 5.000 0.000 0.000 3.142 0.020 -9.700 -1.099
9.800 5.000 0.000 -0.000 3.142 0.020 -9.800 -1.099
9.900 5.000 0.000 0.000 3.142 0.020 -9.900 -1.099
10.000 5.000 -0.000 -0.000 3.142 0.020 -10.000 -1.099
10.100 5.000 0.000 0.000 3.142 0.020 -10.100 -1.099
10.200 5.000 0.000 -0.000 3.142 0.020 -10.200 -1.099
10.300 5.000 0.000 0.000 3.142 0.020 -10.300 -1.099
10.400 5.000 -0.000 -0.000 3.142 0.020 -10.400 -1.099
10.500 5.000 0.000 0.000 3.142 0.020 -10.500 -1.099
10.600 5.000 0.000 -0.000 3.142 0.020 -10.600 -1.099
10.700 5.000 0.000 0.000 3.142 0.020 -10.700 -1.099
10.800 5.000 0.000 0.000 3.142 0.020 -10.800 -1.099
10.900 5.000 -0.000 -0.000 3.142 0.020 -10.900 -1.099
11.000 5.000 0.000 0.000 3.142 0.020 -11.000 -1.099
11.100 5.000 0.000 0.000 3.142 0.020 -11.100 -1.099
11.200 5.000 0.000 -0.000 3.142 0.020 -11.200 -1.099
11.300 5.000 0.000 0.000 3.142 0.020 -11.300 -1.099
11.400 5.000 0.000 0.000 3.142 0.020 -11.400 -1.099
11.500 5.000 0.000 0.000 3.142 0.020 -11.500 -1.099
11.600 5.000 -0.000 -0.000 3.142 0.020 -11.600 -1.099
11.700 5.000 0.000 0.000 3.142 0.020 -11.700 -1.099
11.800 5.000 -0.000 -0.000 3.142 0.020 -11.800 -1.099
11.900 5.000 0.000 0.000 3.142 0.020 -11.900 -1.099
12.000 5.000 0.000 -0.000 3.142 0.020 -12.000 -1.099
12.100 5.000 0.000 0.000 3.142 0.020 -12.100 -1.099
12.200 5.000 0.000 0.000 3.142 0.020 -12.200 -1.099
12.300 5.000 -0.000 -0.000 3.142 0.020 -12.300 -1.099
12.400 5.000 0.000 0.000 3.142 0.020 -12.400 -1.099
12.500 5.000 0.000 -0.000 3.142 0.020 -12.500 -1.099
12.600 5.000 -0.000 -0.000 3.142 0.020 -12.600 -1.099
12.700 5.000 0.000 0.000 3.142 0.020 -12.700 -1.099
12.800 5.000 0.000 -0.000 3.142 0.020 -12.800 -1.099
12.900 5.000 0.000 0.000 3.142 0.020 -12.900 -1.099
13.000 5.000 0.000 0.000 3.142 0.020 -13.000 -1.099
13.100 5.000 -0.000 -0.000 3.142 0.020 -13.100 -1.099
13.200 5.000 0.000 0.000 3.142 0.020 -13.200 -1.099
13.300 5.000 0.000 -0.000 3.142 0.020 -13.300 -1.099
13.400 5.000 0.000 0.000 3.142 0.020 -13.400 -1.099
13.500 5.000 -0.000 -0.000 3.142 0.020 -13.500 -1.099
13.600 5.000 0.000 0.000 3.142 0.020 -13.600 -1.099
13.700 5.000 -0.000 -0.000 3.142 0.020 -13.700 -1.099
13.800 5.000 0.000 0.000 3.142 0.020 -13.800 -1.099
13.900 5.000 0.000 -0.000 3.142 0.020 -13.900 -1.099
14.000 5.000 0.000 0.000 3.142 0.020 -14.000 -1.099
14.100 5.000 0.000 0.000 3.142 0.020 -14.100 -1.099
14.200 5.000 0.000 0.000 3.142 0.020 -14.200 -1.099
14.300 5.000 -0.000 -0.000 3.142 0.020 -14.300 -1.099
14.400 5.000 0.000 0.000 3.142 0.020 -14.400 -1.099
14.500 5.000 0.000 0.000 3.142 0.020 -14.500 -1.099
14.600 5.000 0.000 -0.000 3.142 0.020 -14.600 -1.099
14.700 5.000 0.000 0.000 3.142 0.020 -14.700 -1.099
14.800 5.000 0.000 0.000 3.142 0.020 -14.800 -1.099
14.900 5.000 0.000 0.000 3.142 0.020 -14.900 -1.099
15.000 5.000 -0.000 -0.000 3.142 0.020 -15.000 -1.099
15.100 5.000 0.000 0.000 3.142 0.020 -15.100 -1.099
15.200 5.000 0.000 -0.000 3.142 0.020 -15.200 -1.099
15.300 5.000 -0.000 -0.000 3.142 0.020 -15.300 -1.099
15.400 5.000 0.000 0.000 3.142 0.020 -15.400 -1.099
15.500 5.000 0.000 -0.000 3.142 0.020 -15.500 -1.099
15.600 5.000 0.000 0.000 3.142 0.020 -15.600 -1.099
15.700 5.000 -0.000 -0.000 3.142 0.020 -15.700 -1.099
15.800 5.000 0.000 0.000 3.142 0.020 -15.800 -1.099
15.900 5.000 0.000 -0.000 3.142 0.020 -15.900 -1.099
16.000 5.000 0.000 0.000 3.142 0.020 -16.000 -1.099
16.100 5.000 0.000 0.000 3.142 0.020 -16.100 -1.099
16.200 5.000 -0.000 -0.000 3.142 0.020 -16.200 -1.099
16.300 5.000 0.000 0.000 3.142 0.020 -16.300 -1.099
16.400 5.000 0.000 -0.000 3.142 0.020 -16.400 -1.099
16.500 5.000 0.000 0.000 3.142 0.020 -16.500 -1.099
16.600 5.000 -0.000 -0.000 3.142 0.020 -16.600 -1.099
16.700 5.000 0.000 0.000 3.142 0.020 -16.700 -1.099
16.800 5.000 -0.000 -0.000 3.142 0.020 -16.800 -1.099
16.900 5.000 -0.000 0.000 3.142 0.020 -16.900 -1.099
17.000 5.000 0.000 0.000 3.142 0.020 -17.000 -1.099
17.100 5.000 0.000 -0.000 3.142 0.020 -17.100 -1.099
17.200 5.000 0.000 0.000 3.142 0.020 -17.200 -1.099
17.300 5.000 -0.000 -0.000 3.142 0.020 -17.300 -1.099
17.400 5.000 0.000 0.000 3.142 0.020 -17.400 -1.099
17.500 5.000 0.000 0.000 3.142 0.020 -17.500 -1.099
17.600 5.000 -0.000 -0.000 3.142 0.020 -17.600 -1.099
17.700 5.000 -0.000 0.000 3.142 0.020 -17.700 -1.099
17.800 5.000 0.000 0.000 3.142 0.020 -17.800 -1.099
17.900 5.000 0.000 -0.000 3.142 0.020 -17.900 -1.099
18.000 5.000 0.000 0.000 3.142 0.020 -18.000 -1.099
18.100 5.000 -0.000 -0.000 3.142 0.020 -18.100 -1.099
18.200 5.000 0.000 0.000 3.142 0.020 -18.200 -1.099
18.300 5.000 0.000 -0.000 3.142 0.020 -18.300 -1.099
18.400 5.000 0.000 0.000 3.142 0.020 -18.400 -1.099
18.500 5.000 -0.000 -0.000 3.142 0.020 -18.500 -1.099
18.600 5.000 0.000 0.000 3.142 0.020 -18.600 -1.099
18.700 5.000 -0.000 -0.000 3.142 0.020 -18.700 -1.099
18.800 5.000 0.000 0.000 3.142 0.020 -18.800 -1.099
18.900 5.000 0.000 -0.000 3.142 0.020 -18.900 -1.099
19.000 5.000 0.000 -0.000 3.142 0.020 -19.000 -1.099
19.100 5.000 -0.000 -0.000 3.142 0.020 -19.100 -1.099
19.200 5.000 0.000 0.000 3.142 0.020 -19.200 -1.099
19.300 5.000 0.000 -0.000 3.142 0.020 -19.300 -1.099
19.400 5.000 0.000 0.000 3.142 0.020 -19.400 -1.099
19.500 5.000 -0.000 -0.000 3.142 0.020 -19.500 -1.099
19.600 5.000 0.000 0.000 3.142 0.020 -19.600 -1.099
19.700 5.000 -0.000 -0.000 3.142 0.020 -19.700 -1.099
19.800 5.000 0.000 0.000 3.142 0.020 -19.800 -1.099
19.900 5.000 0.000 0.000 3.142 0.020 -19.900 -1.099
20.000 5.000 -0.000 -0.000 3.142 0.020 -20.000 -1.099
20.100 5.000 0.000 0.000 3.142 0.020 -20.100 -1.099
20.200 5.000 -0.000 -0.000 3.142 0.020 -20.200 -1.099
20.300 5.000 0.000 0.000 3.142 0.020 -20.300 -1.099
20.400 5.000 0.000 0.000 3.142 0.020 -20.400 -1.099
20.500 5.000 -0.000 -0.000 3.142 0.020 -20.500 -1.099
20.600 5.000 0.000 0.000 3.142 0.020 -20.600 -1.099
20.700 5.000 -0.000 -0.000 3.142 0.020 -20.700 -1.099
20.800 5.000 0.000 0.000 3.142 0.020 -20.800 -1.099
20.900 5.000 0.000 0.000 3.142 0.020 -20.900 -1.099
21.000 5.000 0.000 0.000 3.142 0.020 -21.000 -1.099
21.100 5.000 -0.000 -0.000 3.142 0.020 -21.100 -1.099
21.200 5.000 0.000 0.000 3.142 0.020 -21.200 -1.099
21.300 5.000 -0.000 -0.000 3.142 0.020 -21.300 -1.099
21.400 5.000 -0.000 0.000 3.142 0.020 -21.400 -1.099
21.500 5.000 0.000 0.000 3.142 0.020 -21.500 -1.099
21.600 5.000 -0.000 -0.000 3.142 0.020 -21.600 -1.099
21.700 5.000 0.000 0.000 3.142 0.020 -21.700 -1.099
21.800 5.000 -0.000 -0.000 3.142 0.020 -21.800 -1.099
21.900 5.000 0.000 0.000 3.142 0.020 -21.900 -1.099
22.000 5.000 0.000 -0.000 3.142 0.020 -22.000 -1.099
22.100 5.000 0.000 0.000 3.142 0.020 -22.100 -1.099
22.200 5.000 -0.000 -0.000 3.142 0.020 -22.200 -1.099
22.300 5.000 0.000 0.000 3.142 0.020 -22.300 -1.099
22.400 5.000 -0.000 -0.000 3.142 0.020 -22.400 -1.099
22.500 5.000 0.000 0.000 3.142 0.020 -22.500 -1.099
22.600 5.000 0.000 0.000 3.142 0.020 -22.600 -1.099
22.700 5.000 -0.000 -0.000 3.142 0.020 -22.700 -1.099
22.800 5.000 0.000 0.000 3.142 0.020 -22.800 -1.099
22.900 5.000 -0.000 -0.000 3.142 0.020 -22.900 -1.099
23.000 5.000 0.000 0.000 3.142 0.020 -23.000 -1.099
23.100 5.000 0.000 0.000 3.142 0.020 -23.100 -1.099
23.200 5.000 -0.000 -0.000 3.142 0.020 -23.200 -1.099
23.300 5.000 0.000 0.000 3.142 0.020 -23.300 -1.099
23.400 5.000 0.000 -0.000 3.142 0.020 -23.400 -1.099
23.500 5.000 0.000 0.000 3.142 0.020 -23.500 -1.099
23.600 5.000 -0.000 -0.000 3.142 0.020 -23.600 -1.099
23.700 5.000 0.000 0.000 3.142 0.020 -23.700 -1.099
23.800 5.000 0.000 0.000 3.142 0.020 -23.800 -1.099
23.900 5.000 0.000 0.000 3.142 0.020 -23.900 -1.099
24.000 5.000 -0.000 -0.000 3.142 0.020 -24.000 -1.099
24.100 5.000 0.000 0.000 3.142 0.020 -24.100 -1.099
24.200 5.000 0.000 -0.000 3.142 0.020 -24.200 -1.099
24.300 5.000 -0.000 -0.000 3.142 0.020 -24.300 -1.099
24.400 5.000 0.000 0.000 3.142 0.020 -24.400 -1.099
24.500 5.000 -0.000 -0.000 3.142 0.020 -24.500 -1.099
24.600 5.000 0.000 0.000 3.142 0.020 -24.600 -1.099
24.700 5.000 -0.000 -0.000 3.142 0.020 -24.700 -1.099
24.800 5.000 0.000 0.000 3.142 0.020 -24.800 -1.099
24.900 5.000 -0.000 -0.000 3.142 0.020 -24.900 -1.099
25.000 5.000 0.000 0.000 3.142 0.020 -25.000 -1.099
25.100 5.000 -0.000 -0.000 3.142 0.020 -25.100 -1.099
25.200 5.000 0.000 0.000 3.142 0.020 -25.200 -1.099
25.300 5.000 -0.000 -0.000 3.142 0.020 -25.300 -1.099
25.400 5.000 -0.000 0.000 3.142 0.020 -25.400 -1.099
25.500 5.000 0.000 0.000 3.142 0.020 -25.500 -1.099
25.600 5.000 -0.000 -0.000 3.142 0.020 -25.600 -1.099
25.700 5.000 0.000 0.000 3.142 0.020 -25.700 -1.099
25.800 5.000 0.000 0.000 3.142 0.020 -25.800 -1.099
25.900 5.000 -0.000 -0.000 3.142 0.020 -25.900 -1.099
26.000 5.000 0.000 0.000 3.142 0.020 -26.000 -1.099
26.100 5.000 -0.000 -0.000 3.142 0.020 -26.100 -1.099
26.200 5.000 0.000 0.000 3.142 0.020 -26.200 -1.099
26.300 5.000 0.000 -0.000 3.142 0.020 -26.300 -1.099
26.400 5.000 0.000 0.000 3.142 0.020 -26.400 -1.099
26.500 5.000 -0.000 -0.000 3.142 0.020 -26.500 -1.099
26.600 5.000 0.000 0.000 3.142 0.020 -26.600 -1.099
26.700 5.000 -0.000 -0.000 3.142 0.020 -26.700 -1.099
26.800 5.000 0.000 0.000 3.142 0.020 -26.800 -1.099
26.900 5.000 0.000 0.000 3.142 0.020 -26.900 -1.099
27.000 5.000 -0.000 -0.000 3.142 0.020 -27.000 -1.099
27.100 5.000 0.000 0.000 3.142 0.020 -27.100 -1.099
27.200 5.000 -0.000 -0.000 3.142 0.020 -27.200 -1.099
27.300 5.000 0.000 0.000 3.142 0.020 -27.300 -1.099
27.400 5.000 0.000 -0.000 3.142 0.020 -27.400 -1.099
27.500 5.000 0.000 0.000 3.142 0.020 -27.500 -1.099
27.600 5.000 -0.000 -0.000 3.142 0.020 -27.600 -1.099
27.700 5.000 0.000 0.000 3.142 0.020 -27.700 -1.099
27.800 5.000 -0.000 -0.000 3.142 0.020 -27.800 -1.099
27.900 5.000 0.000 0.000 3.142 0.020 -27.900 -1.099
28.000 5.000 0.000 0.000 3.142 0.020 -28.000 -1.099
28.100 5.000 -0.000 -0.000 3.142 0.020 -28.100 -1.099
28.200 5.000 0.000 0.000 3.142 0.020 -28.200 -1.099
28.300 5.000 -0.000 -0.000 3.142 0.020 -28.300 -1.099
28.400 5.000 0.000 0.000 3.142 0.020 -28.400 -1.099
28.500 5.000 0.000 0.000 3.142 0.020 -28.500 -1.099
28.600 5.000 -0.000 -0.000 3.142 0.020 -28.600 -1.099
28.700 5.000 0.000 0.000 3.142 0.020 -28.700 -1.099
28.800 5.000 -0.000 -0.000 3.142 0.020 -28.800 -1.099
28.900 5.000 0.000 0.000 3.142 0.020 -28.900 -1.099
29.000 5.000 0.000 -0.000 3.142 0.020 -29.000 -1.099
29.100 5.000 0.000 0.000 3.142 0.020 -29.100 -1.099
29.200 5.000 0.000 0.000 3.142 0.020 -29.200 -1.099
29.300 5.000 -0.000 -0.000 3.142 0.020 -29.300 -1.099
29.400 5.000 -0.000 0.000 3.142 0.020 -29.400 -1.099
29.500 5.000 0.000 0.000 3.142 0.020 -29.500 -1.099
29.600 5.000 -0.000 -0.000 3.142 0.020 -29.600 -1.099
29.700 5.000 -0.000 0.000 3.142 0.020 -29.700 -1.099
29.800 5.000 0.000 0.000 3.142 0.020 -29.800 -1.099
29.900 5.000 -0.000 -0.000 3.142 0.020 -29.900 -1.099
30.000 5.000 0.000 0.000 3.142 0.020 -30.000 -1.099
30.100 5.000 0.000 -0.000 3.142 0.020 -30.100 -1.099
30.200 5.000 0.000 0.000 3.142 0.020 -30.200 -1.099
30.300 5.000 -0.000 -0.000 3.142 0.020 -30.300 -1.099
30.400 5.000 0.000 0.000 3.142 0.020 -30.400 -1.099
30.500 5.000 -0.000 -0.000 3.142 0.020 -30.500 -1.099
30.600 5.000 0.000 0.000 3.142 0.020 -30.600 -1.099
30.700 5.000 0.000 0.000 3.142 0.020 -30.700 -1.099
30.800 5.000 -0.000 -0.000 3.142 0.020 -30.800 -1.099
30.900 5.000 0.000 0.000 3.142 0.020 -30.900 -1.099
31.000 5.000 -0.000 -0.000 3.142 0.020 -31.000 -1.099
31.100 5.000 0.000 0.000 3.142 0.020 -31.100 -1.099
31.200 5.000 0.000 0.000 3.142 0.020 -31.200 -1.099
31.300 5.000 -0.000 -0.000 3.142 0.020 -31.300 -1.099
31.400 5.000 0.000 0.000 3.142 0.020 -31.400 -1.099
31.500 5.000 0.000 -0.000 3.142 0.020 -31.500 -1.099
31.600 5.000 0.000 0.000 3.142 0.020 -31.600 -1.099
31.700 5.000 -0.000 -0.000 3.142 0.020 -31.700 -1.099
31.800 5.000 0.000 0.000 3.142 0.020 -31.800 -1.099
31.900 5.000 0.000 0.000 3.142 0.020 -31.900 -1.099
32.000 5.000 0.000 0.000 3.142 0.020 -32.000 -1.099
32.100 5.000 -0.000 -0.000 3.142 0.020 -32.100 -1.099
32.200 5.000 0.000 0.000 3.142 0.020 -32.200 -1.099
32.300 5.000 -0.000 -0.000 3.142 0.020 -32.300 -1.099
32.400 5.000 -0.000 0.000 3.142 0.020 -32.400 -1.099
32.500 5.000 0.000 0.000 3.142 0.020 -32.500 -1.099
32.600 5.000 -0.000 -0.000 3.142 0.020 -32.600 -1.099
32.700 5.000 0.000 0.000 3.142 0.020 -32.700 -1.099
32.800 5.000 0.000 0.000 3.142 0.020 -32.800 -1.099
32.900 5.000 0.000 0.000 3.142 0.020 -32.900 -1.099
33.000 5.000 0.000 0.000 3.142 0.020 -33.000 -1.099
33.100 5.000 0.000 0.000 3.142 0.020 -33.100 -1.099
33.200 5.000 0.000 0.000 3.142 0.020 -33.200 -1.099
33.300 5.000 0.000 0.000 3.142 0.020 -33.300 -1.099
33.400 5.000 0.000 0.000 3.142 0.020 -33.400 -1.099
33.500 5.000 0.000 0.000 3.142 0.020 -33.500 -1.099
33.600 5.000 0.000 0.000 3.142 0.020 -33.600 -1.099
33.700 5.000 -0.000 -0.000 3.142 0.020 -33.700 -1.099
33.800 5.000 0.000 0.000 3.142 0.020 -33.800 -1.099
33.900 5.000 0.000 0.000 3.142 0.020 -33.900 -1.099
34.000 5.000 -0.000 -0.000 3.142 0.020 -34.000 -1.099
34.100 5.000 0.000 0.000 3.142 0.020 -34.100 -1.099
34.200 5.000 0.000 0.000 3.142 0.020 -34.200 -1.099
34.300 5.000 -0.000 -0.000 3.142 0.020 -34.300 -1.099
34.400 5.000 0.000 0.000 3.142 0.020 -34.400 -1.099
34.500 5.000 0.000 0.000 3.142 0.020 -34.500 -1.099
34.600 5.000 0.000 0.000 3.142 0.020 -34.600 -1.099
34.700 5.000 0.000 0.000 3.142 0.020 -34.700 -1.099
34.800 4.992 -0.417 -20.833 3.142 0.020 -34.800 -1.099
34.899 4.965 -1.333 -45.833 3.142 0.020 -34.899 -1.099
34.998 4.918 -2.333 -50.000 3.142 0.020 -34.998 -1.099
35.095 4.852 -3.333 -50.000 3.142 0.020 -35.095 -1.099
35.190 4.765 -4.333 -50.000 3.142 0.020 -35.190 -1.099
35.283 4.667 -4.917 -29.167 3.142 0.020 -35.283 -1.099
35.375 4.567 -5.000 -4.167 3.142 0.020 -35.375 -1.099
35.464 4.467 -5.000 -0.000 3.142 0.020 -35.464 -1.099
35.551 4.367 -5.000 0.000 3.142 0.020 -35.551 -1.099
35.637 4.267 -5.000 0.000 3.142 0.020 -35.637 -1.099
35.720 4.167 -5.000 -0.000 3.142 0.020 -35.720 -1.099
35.801 4.067 -5.000 0.000 3.142 0.020 -35.801 -1.099
35.881 3.967 -5.000 0.000 3.142 0.020 -35.881 -1.099
35.958 3.867 -5.000 -0.000 3.142 0.020 -35.958 -1.099
36.033 3.767 -5.000 0.000 3.142 0.020 -36.033 -1.099
36.107 3.667 -5.000 -0.000 3.142 0.020 -36.107 -1.099
36.178 3.567 -5.000 0.000 3.142 0.020 -36.178 -1.099
36.247 3.467 -5.000 -0.000 3.142 0.020 -36.247 -1.099
36.315 3.367 -5.000 0.000 3.142 0.020 -36.315 -1.099
36.380 3.267 -5.000 -0.000 3.142 0.020 -36.380 -1.099
36.443 3.167 -5.000 -0.000 3.142 0.020 -36.443 -1.099
36.505 3.067 -5.000 0.000 3.142 0.020 -36.505 -1.099
36.564 2.967 -5.000 -0.000 3.142 0.020 -36.564 -1.099
36.621 2.867 -5.000 0.000 3.142 0.020 -36.621 -1.099
36.677 2.767 -5.000 0.000 3.142 0.020 -36.677 -1.099
36.730 2.667 -5.000 0.000 3.142 0.020 -36.730 -1.099
36.781 2.567 -5.000 0.000 3.142 0.020 -36.781 -1.099
36.831 2.467 -5.000 0.000 3.142 0.020 -36.831 -1.099
36.878 2.367 -5.000 -0.000 3.142 0.020 -36.878 -1.099
36.923 2.267 -5.000 0.000 3.142 0.020 -36.923 -1.099
36.967 2.167 -5.000 0.000 3.142 0.020 -36.967 -1.099
37.008 2.067 -5.000 -0.000 3.142 0.020 -37.008 -1.099
37.047 1.967 -5.000 0.000 3.142 0.020 -37.047 -1.099
37.085 1.867 -5.000 0.000 3.142 0.020 -37.085 -1.099
37.120 1.767 -5.000 -0.000 3.142 0.020 -37.120 -1.099
37.153 1.667 -5.000 -0.000 3.142 0.020 -37.153 -1.099
37.185 1.567 -5.000 0.000 3.142 0.020 -37.185 -1.099
37.214 1.467 -5.000 -0.000 3.142 0.020 -37.214 -1.099
37.241 1.367 -5.000 0.000 3.142 0.020 -37.241 -1.099
37.267 1.267 -5.000 -0.000 3.142 0.020 -37.267 -1.099
37.290 1.167 -5.000 0.000 3.142 0.020 -37.290 -1.099
37.311 1.067 -5.000 0.000 3.142 0.020 -37.311 -1.099
37.331 0.967 -5.000 0.000 3.142 0.020 -37.331 -1.099
37.348 0.867 -5.000 -0.000 3.142 0.020 -37.348 -1.099
37.363 0.767 -5.000 0.000 3.142 0.020 -37.363 -1.099
37.377 0.667 -5.000 -0.000 3.142 0.020 -37.377 -1.099
37.388 0.567 -5.000 0.000 3.142 0.020 -37.388 -1.099
37.397 0.467 -5.000 0.000 3.142 0.020 -37.397 -1.099
37.405 0.367 -5.000 -0.000 3.142 0.020 -37.405 -1.099
37.410 0.267 -5.000 0.000 3.142 0.020 -37.410 -1.099
37.413 0.175 -4.583 20.833 3.142 0.020 -37.413 -1.099
37.415 0.102 -3.667 45.833 3.142 0.020 -37.415 -1.099
37.416 0.048 -2.667 50.000 3.142 0.020 -37.416 -1.099
37.417 0.015 -1.667 50.000 3.142 0.020 -37.417 -1.099
37.417 0.002 -0.667 50.000 3.142 0.020 -37.417 -1.099
37.417 0.000 -0.083 29.167 3.142 0.020 -37.417 -1.099
0.000 0.020 1.000 50.000 3.142 0.020 -0.000 1.099
0.001 0.040 1.000 -0.000 3.142 0.020 -0.001 1.099
0.003 0.090 2.500 75.000 3.142 0.020 -0.003 1.099
0.006 0.160 3.500 50.000 3.142 0.020 -0.006 1.099
0.011 0.250 4.500 50.000 3.142 0.020 -0.011 1.099
0.018 0.350 5.000 25.000 3.142 0.020 -0.018 1.099
0.027 0.450 5.000 0.000 3.142 0.020 -0.027 1.099
0.038 0.550 5.000 0.000 3.142 0.020 -0.038 1.099
0.051 0.650 5.000 -0.000 3.142 0.020 -0.051 1.099
0.066 0.750 5.000 0.000 3.142 0.020 -0.066 1.099
0.083 0.850 5.000 0.000 3.142 0.020 -0.083 1.099
0.102 0.950 5.000 -0.000 3.142 0.020 -0.102 1.099
0.123 1.050 5.000 0.000 3.142 0.020 -0.123 1.099
0.146 1.150 5.000 0.000 3.142 0.020 -0.146 1.099
0.171 1.250 5.000 0.000 3.142 0.020 -0.171 1.099
0.198 1.350 5.000 -0.000 3.142 0.020 -0.198 1.099
0.227 1.450 5.000 -0.000 3.142 0.020 -0.227 1.099
0.258 1.550 5.000 0.000 3.142 0.020 -0.258 1.099
0.291 1.650 5.000 -0.000 3.142 0.020 -0.291 1.099
0.326 1.750 5.000 -0.000 3.142 0.020 -0.326 1.099
0.363 1.850 5.000 0.000 3.142 0.020 -0.363 1.099
0.402 1.950 5.000 -0.000 3.142 0.020 -0.402 1.099
0.443 2.050 5.000 0.000 3.142 0.020 -0.443 1.099
0.486 2.150 5.000 -0.000 3.142 0.020 -0.486 1.099
0.531 2.250 5.000 0.000 3.142 0.020 -0.531 1.099
0.578 2.350 5.000 -0.000 3.142 0.020 -0.578 1.099
0.627 2.450 5.000 0.000 3.142 0.020 -0.627 1.099
0.678 2.550 5.000 -0.000 3.142 0.020 -0.678 1.099
0.731 2.650 5.000 -0.000 3.142 0.020 -0.731 1.099
0.786 2.750 5.000 0.000 3.142 0.020 -0.786 1.099
0.843 2.850 5.000 -0.000 3.142 0.020 -0.843 1.099
0.902 2.950 5.000 0.000 3.142 0.020 -0.902 1.099
0.963 3.050 5.000 0.000 3.142 0.020 -0.963 1.099
1.026 3.150 5.000 -0.000 3.142 0.020 -1.026 1.099
1.091 3.250 5.000 0.000 3.142 0.020 -1.091 1.099
1.158 3.350 5.000 -0.000 3.142 0.020 -1.158 1.099
1.227 3.450 5.000 -0.000 3.142 0.020 -1.227 1.099
1.298 3.550 5.000 0.000 3.142 0.020 -1.298 1.099
1.371 3.650 5.000 0.000 3.142 0.020 -1.371 1.099
1.446 3.750 5.000 0.000 3.142 0.020 -1.446 1.099
1.523 3.850 5.000 0.000 3.142 0.020 -1.523 1.099
1.602 3.950 5.000 -0.000 3.142 0.020 -1.602 1.099
1.683 4.050 5.000 0.000 3.142 0.020 -1.683 1.099
1.766 4.150 5.000 -0.000 3.142 0.020 -1.766 1.099
1.851 4.250 5.000 0.000 3.142 0.020 -1.851 1.099
1.938 4.350 5.000 0.000 3.142 0.020 -1.938 1.099
2.027 4.450 5.000 0.000 3.142 0.020 -2.027 1.099
2.118 4.550 5.000 0.000 3.142 0.020 -2.118 1.099
2.211 4.650 5.000 -0.000 3.142 0.020 -2.211 1.099
2.306 4.750 5.000 0.000 3.142 0.020 -2.306 1.099
2.403 4.840 4.500 -25.000 3.142 0.020 -2.403 1.099
2.501 4.910 3.500 -50.000 3.142 0.020 -2.501 1.099
2.600 4.960 2.500 -50.000 3.142 0.020 -2.600 1.099
2.700 4.990 1.500 -50.000 3.142 0.020 -2.700 1.099
2.800 5.000 0.500 -50.000 3.142 0.020 -2.800 1.099
2.900 5.000 -0.000 -25.000 3.142 0.020 -2.900 1.099
3.000 5.000 0.000 0.000 3.142 0.020 -3.000 1.099
3.100 5.000 -0.000 -0.000 3.142 0.020 -3.100 1.099
3.200 5.000 0.000 0.000 3.142 0.020 -3.200 1.099
3.300 5.000 0.000 0.000 3.142 0.020 -3.300 1.099
3.400 5.000 0.000 0.000 3.142 0.020 -3.400 1.099
3.500 5.000 0.000 0.000 3.142 0.020 -3.500 1.099
3.600 5.000 -0.000 -0.000 3.142 0.020 -3.600 1.099
3.700 5.000 0.000 0.000 3.142 0.020 -3.700 1.099
3.800 5.000 -0.000 -0.000 3.142 0.020 -3.800 1.099
3.900 5.000 0.000 0.000 3.142 0.020 -3.900 1.099
4.000 5.000 -0.000 -0.000 3.142 0.020 -4.000 1.099
4.100 5.000 -0.000 -0.000 3.142 0.020 -4.100 1.099
4.200 5.000 0.000 0.000 3.142 0.020 -4.200 1.099
4.300 5.000 0.000 -0.000 3.142 0.020 -4.300 1.099
4.400 5.000 -0.000 -0.000 3.142 0.020 -4.400 1.099
4.500 5.000 0.000 0.000 3.142 0.020 -4.500 1.099
4.600 5.000 -0.000 -0.000 3.142 0.020 -4.600 1.099
4.700 5.000 -0.000 -0.000 3.142 0.020 -4.700 1.099
4.800 5.000 -0.000 -0.000 3.142 0.020 -4.800 1.099
4.900 5.000 0.000 0.000 3.142 0.020 -4.900 1.099
5.000 5.000 0.000 0.000 3.142 0.020 -5.000 1.099
5.100 5.000 -0.000 -0.000 3.142 0.020 -5.100 1.099
5.200 5.000 0.000 0.000 3.142 0.020 -5.200 1.099
5.300 5.000 0.000 -0.000 3.142 0.020 -5.300 1.099
5.400 5.000 -0.000 -0.000 3.142 0.020 -5.400 1.099
5.500 5.000 0.000 0.000 3.142 0.020 -5.500 1.099
5.600 5.000 0.000 0.000 3.142 0.020 -5.600 1.099
5.700 5.000 0.000 -0.000 3.142 0.020 -5.700 1.099
5.800 5.000 -0.000 -0.000 3.142 0.020 -5.800 1.099
5.900 5.000 0.000 0.000 3.142 0.020 -5.900 1.099
6.000 5.000 0.000 -0.000 3.142 0.020 -6.000 1.099
6.100 5.000 0.000 0.000 3.142 0.020 -6.100 1.099
6.200 5.000 -0.000 -0.000 3.142 0.020 -6.200 1.099
6.300 5.000 0.000 0.000 3.142 0.020 -6.300 1.099
6.400 5.000 0.000 0.000 3.142 0.020 -6.400 1.099
6.500 5.000 0.000 -0.000 3.142 0.020 -6.500 1.099
6.600 5.000 -0.000 -0.000 3.142 0.020 -6.600 1.099
6.700 5.000 0.000 0.000 3.142 0.020 -6.700 1.099
6.800 5.000 0.000 0.000 3.142 0.020 -6.800 1.099
6.900 5.000 -0.000 -0.000 3.142 0.020 -6.900 1.099
7.000 5.000 0.000 0.000 3.142 0.020 -7.000 1.099
7.100 5.000 0.000 -0.000 3.142 0.020 -7.100 1.099
7.200 5.000 -0.000 -0.000 3.142 0.020 -7.200 1.099
7.300 5.000 0.000 0.000 3.142 0.020 -7.300 1.099
7.400 5.000 0.000 -0.000 3.142 0.020 -7.400 1.099
7.500 5.000 -0.000 -0.000 3.142 0.020 -7.500 1.099
7.600 5.000 0.000 0.000 3.142 0.020 -7.600 1.099
7.700 5.000 0.000 0.000 3.142 0.020 -7.700 1.099
7.800 5.000 -0.000 -0.000 3.142 0.020 -7.800 1.099
7.900 5.000 0.000 0.000 3.142 0.020 -7.900 1.099
8.000 5.000 -0.000 -0.000 3.142 0.020 -8.000 1.099
8.100 5.000 0.000 0.000 3.142 0.020 -8.100 1.099
8.200 5.000 0.000 0.000 3.142 0.020 -8.200 1.099
8.300 5.000 0.000 -0.000 3.142 0.020 -8.300 1.099
8.400 5.000 0.000 0.000 3.142 0.020 -8.400 1.099
8.500 5.000 -0.000 -0.000 3.142 0.020 -8.500 1.099
8.600 5.000 0.000 0.000 3.142 0.020 -8.600 1.099
8.700 5.000 0.000 -0.000 3.142 0.020 -8.700 1.099
8.800 5.000 0.000 0.000 3.142 0.020 -8.800 1.099
8.900 5.000 -0.000 -0.000 3.142 0.020 -8.900 1.099
9.000 5.000 0.000 0.000 3.142 0.020 -9.000 1.099
9.100 5.000 0.000 -0.000 3.142 0.020 -9.100 1.099
9.200 5.000 0.000 0.000 3.142 0.020 -9.200 1.099
9.300 5.000 -0.000 -0.000 3.142 0.020 -9.300 1.099
9.400 5.000 0.000 0.000 3.142 0.020 -9.400 1.099
9.500 5.000 0.000 -0.000 3.142 0.020 -9.500 1.099
9.600 5.000 -0.000 -0.000 3.142 0.020 -9.600 1.099
9.700 5.000 0.000 0.000 3.142 0.020 -9.700 1.099
9.800 5.000 0.000 -0.000 3.142 0.020 -9.800 1.099
9.900 5.000 0.000 0.000 3.142 0.020 -9.900 1.099
10.000 5.000 -0.000 -0.000 3.142 0.020 -10.000 1.099
10.100 5.000 0.000 0.000 3.142 0.020 -10.100 1.099
10.200 5.000 0.000 -0.000 3.142 0.020 -10.200 1.099
10.300 5.000 0.000 0.000 3.142 0.020 -10.300 1.099
10.400 5.000 -0.000 -0.000 3.142 0.020 -10.400 1.099
10.500 5.000 0.000 0.000 3.142 0.020 -10.500 1.099
10.600 5.000 0.000 -0.000 3.142 0.020 -10.600 1.099
10.700 5.000 0.000 0.000 3.142 0.020 -10.700 1.099
10.800 5.000 0.000 0.000 3.142 0.020 -10.800 1.099
10.900 5.000 -0.000 -0.000 3.142 0.020 -10.900 1.099
11.000 5.000 0.000 0.000 3.142 0.020 -11.000 1.099
11.100 5.000 0.000 0.000 3.142 0.020 -11.100 1.099
11.200 5.000 0.000 -0.000 3.142 0.020 -11.200 1.099
11.300 5.000 0.000 0.000 3.142 0.020 -11.300 1.099
11.400 5.000 0.000 0.000 3.142 0.020 -11.400 1.099
11.500 5.000 0.000 0.000 3.142 0.020 -11.500 1.099
11.600 5.000 -0.000 -0.000 3.142 0.020 -11.600 1.099
11.700 5.000 0.000 0.000 3.142 0.020 -11.700 1.099
11.800 5.000 -0.000 -0.000 3.142 0.020 -11.800 1.099
11.900 5.000 0.000 0.000 3.142 0.020 -11.900 1.099
12.000 5.000 0.000 -0.000 3.142 0.020 -12.000 1.099
12.100 5.000 0.000 0.000 3.142 0.020 -12.100 1.099
12.200 5.000 0.000 0.000 3.142 0.020 -12.200 1.099
12.300 5.000 -0.000 -0.000 3.142 0.020 -12.300 1.099
12.400 5.000 0.000 0.000 3.142 0.020 -12.400 1.099
12.500 5.000 0.000 -0.000 3.142 0.020 -12.500 1.099
12.600 5.000 -0.000 -0.000 3.142 0.020 -12.600 1.099
12.700 5.000 0.000 0.000 3.142 0.020 -12.700 1.099
12.800 5.000 0.000 -0.000 3.142 0.020 -12.800 1.099
12.900 5.000 0.000 0.000 3.142 0.020 -12.900 1.099
13.000 5.000 0.000 0.000 3.142 0.020 -13.000 1.099
13.100 5.000 -0.000 -0.000 3.142 0.020 -13.100 1.099
13.200 5.000 0.000 0.000 3.142 0.020 -13.200 1.099
13.300 5.000 0.000 -0.000 3.142 0.020 -13.300 1.099
13.400 5.000 0.000 0.000 3.142 0.020 -13.400 1.099
13.500 5.000 -0.000 -0.000 3.142 0.020 -13.500 1.099
13.600 5.000 0.000 0.000 3.142 0.020 -13.600 1.099
13.700 5.000 -0.000 -0.000 3.142 0.020 -13.700 1.099
13.800 5.000 0.000 0.000 3.142 0.020 -13.800 1.099
13.900 5.000 0.000 -0.000 3.142 0.020 -13.900 1.099
14.000 5.000 0.000 0.000 3.142 0.020 -14.000 1.099
14.100 5.000 0.000 0.000 3.142 0.020 -14.100 1.099
14.200 5.000 0.000 0.000 3.142 0.020 -14.200 1.099
14.300 5.000 -0.000 -0.000 3.142 0.020 -14.300 1.099
14.400 5.000 0.000 0.000 3.142 0.020 -14.400 1.099
14.500 5.000 0.000 0.000 3.142 0.020 -14.500 1.099
14.600 5.000 0.000 -0.000 3.142 0.020 -14.600 1.099
14.700 5.000 0.000 0.000 3.142 0.020 -14.700 1.099
14.800 5.000 0.000 0.000 3.142 0.020 -14.800 1.099
14.900 5.000 0.000 0.000 3.142 0.020 -14.900 1.099
15.000 5.000 -0.000 -0.000 3.142 0.020 -15.000 1.099
15.100 5.000 0.000 0.000 3.142 0.020 -15.100 1.099
15.200 5.000 0.000 -0.000 3.142 0.020 -15.200 1.099
15.300 5.000 -0.000 -0.000 3.142 0.020 -15.300 1.099
15.400 5.000 0.000 0.000 3.142 0.020 -15.400 1.099
15.500 5.000 0.000 -0.000 3.142 0.020 -15.500 1.099
15.600 5.000 0.000 0.000 3.142 0.020 -15.600 1.099
15.700 5.000 -0.000 -0.000 3.142 0.020 -15.700 1.099
15.800 5.000 0.000 0.000 3.142 0.020 -15.800 1.099
15.900 5.000 0.000 -0.000 3.142 0.020 -15.900 1.099
16.000 5.000 0.000 0.000 3.142 0.020 -16.000 1.099
16.100 5.000 0.000 0.000 3.142 0.020 -16.100 1.099
16.200 5.000 -0.000 -0.000 3.142 0.020 -16.200 1.099
16.300 5.000 0.000 0.000 3.142 0.020 -16.300 1.099
16.400 5.000 0.000 -0.000 3.142 0.020 -16.400 1.099
16.500 5.000 0.000 0.000 3.142 0.020 -16.500 1.099
16.600 5.000 -0.000 -0.000 3.142 0.020 -16.600 1.099
16.700 5.000 0.000 0.000 3.142 0.020 -16.700 1.099
16.800 5.000 -0.000 -0.000 3.142 0.020 -16.800 1.099
16.900 5.000 -0.000 0.000 3.142 0.020 -16.900 1.099
17.000 5.000 0.000 0.000 3.142 0.020 -17.000 1.099
17.100 5.000 0.000 -0.000 3.142 0.020 -17.100 1.099
17.200 5.000 0.000 0.000 3.142 0.020 -17.200 1.099
17.300 5.000 -0.000 -0.000 3.142 0.020 -17.300 1.099
17.400 5.000 0.000 0.000 3.142 0.020 -17.400 1.099
17.500 5.000 0.000 0.000 3.142 0.020 -17.500 1.099
17.600 5.000 -0.000 -0.000 3.142 0.020 -17.600 1.099
17.700 5.000 -0.000 0.000 3.142 0.020 -17.700 1.099
17.800 5.000 0.000 0.000 3.142 0.020 -17.800 1.099
17.900 5.000 0.000 -0.000 3.142 0.020 -17.900 1.099
18.000 5.000 0.000 0.000 3.142 0.020 -18.000 1.099
18.100 5.000 -0.000 -0.000 3.142 0.020 -18.100 1.099
18.200 5.000 0.000 0.000 3.142 0.020 -18.200 1.099
18.300 5.000 0.000 -0.000 3.142 0.020 -18.300 1.099
18.400 5.000 0.000 0.000 3.142 0.020 -18.400 1.099
18.500 5.000 -0.000 -0.000 3.142 0.020 -18.500 1.099
18.600 5.000 0.000 0.000 3.142 0.020 -18.600 1.099
18.700 5.000 -0.000 -0.000 3.142 0.020 -18.700 1.099
18.800 5.000 0.000 0.000 3.142 0.020 -18.800 1.099
18.900 5.000 0.000 -0.000 3.142 0.020 -18.900 1.099
19.000 5.000 0.000 -0.000 3.142 0.020 -19.000 1.099
19.100 5.000 -0.000 -0.000 3.142 0.020 -19.100 1.099
19.200 5.000 0.000 0.000 3.142 0.020 -19.200 1.099
19.300 5.000 0.000 -0.000 3.142 0.020 -19.300 1.099
19.400 5.000 0.000 0.000 3.142 0.020 -19.400 1.099
19.500 5.000 -0.000 -0.000 3.142 0.020 -19.500 1.099
19.600 5.000 0.000 0.000 3.142 0.020 -19.600 1.099
19.700 5.000 -0.000 -0.000 3.142 0.020 -19.700 1.099
19.800 5.000 0.000 0.000 3.142 0.020 -19.800 1.099
19.900 5.000 0.000 0.000 3.142 0.020 -19.900 1.099
20.000 5.000 -0.000 -0.000 3.142 0.020 -20.000 1.099
20.100 5.000 0.000 0.000 3.142 0.020 -20.100 1.099
20.200 5.000 -0.000 -0.000 3.142 0.020 -20.200 1.099
20.300 5.000 0.000 0.000 3.142 0.020 -20.300 1.099
20.400 5.000 0.000 0.000 3.142 0.020 -20.400 1.099
20.500 5.000 -0.000 -0.000 3.142 0.020 -20.500 1.099
20.600 5.000 0.000 0.000 3.142 0.020 -20.600 1.099
20.700 5.000 -0.000 -0.000 3.142 0.020 -20.700 1.099
20.800 5.000 0.000 0.000 3.142 0.020 -20.800 1.099
20.900 5.000 0.000 0.000 3.142 0.020 -20.900 1.099
21.000 5.000 0.000 0.000 3.142 0.020 -21.000 1.099
21.100 5.000 -0.000 -0.000 3.142 0.020 -21.100 1.099
21.200 5.000 0.000 0.000 3.142 0.020 -21.200 1.099
21.300 5.000 -0.000 -0.000 3.142 0.020 -21.300 1.099
21.400 5.000 -0.000 0.000 3.142 0.020 -21.400 1.099
21.500 5.000 0.000 0.000 3.142 0.020 -21.500 1.099
21.600 5.000 -0.000 -0.000 3.142 0.020 -21.600 1.099
21.700 5.000 0.000 0.000 3.142 0.020 -21.700 1.099
21.800 5.000 -0.000 -0.000 3.142 0.020 -21.800 1.099
21.900 5.000 0.000 0.000 3.142 0.020 -21.900 1.099
22.000 5.000 0.000 -0.000 3.142 0.020 -22.000 1.099
22.100 5.000 0.000 0.000 3.142 0.020 -22.100 1.099
22.200 5.000 -0.000 -0.000 3.142 0.020 -22.200 1.099
22.300 5.000 0.000 0.000 3.142 0.020 -22.300 1.099
22.400 5.000 -0.000 -0.000 3.142 0.020 -22.400 1.099
22.500 5.000 0.000 0.000 3.142 0.020 -22.500 1.099
22.600 5.000 0.000 0.000 3.142 0.020 -22.600 1.099
22.700 5.000 -0.000 -0.000 3.142 0.020 -22.700 1.099
22.800 5.000 0.000 0.000 3.142 0.020 -22.800 1.099
22.900 5.000 -0.000 -0.000 3.142 0.020 -22.900 1.099
23.000 5.000 0.000 0.000 3.142 0.020 -23.000 1.099
23.100 5.000 0.000 0.000 3.142 0.020 -23.100 1.099
23.200 5.000 -0.000 -0.000 3.142 0.020 -23.200 1.099
23.300 5.000 0.000 0.000 3.142 0.020 -23.300 1.099
23.400 5.000 0.000 -0.000 3.142 0.020 -23.400 1.099
23.500 5.000 0.000 0.000 3.142 0.020 -23.500 1.099
23.600 5.000 -0.000 -0.000 3.142 0.020 -23.600 1.099
23.700 5.000 0.000 0.000 3.142 0.020 -23.700 1.099
23.800 5.000 0.000 0.000 3.142 0.020 -23.800 1.099
23.900 5.000 0.000 0.000 3.142 0.020 -23.900 1.099
24.000 5.000 -0.000 -0.000 3.142 0.020 -24.000 1.099
24.100 5.000 0.000 0.000 3.142 0.020 -24.100 1.099
24.200 5.000 0.000 -0.000 3.142 0.020 -24.200 1.099
24.300 5.000 -0.000 -0.000 3.142 0.020 -24.300 1.099
24.400 5.000 0.000 0.000 3.142 0.020 -24.400 1.099
24.500 5.000 -0.000 -0.000 3.142 0.020 -24.500 1.099
24.600 5.000 0.000 0.000 3.142 0.020 -24.600 1.099
24.700 5.000 -0.000 -0.000 3.142 0.020 -24.700 1.099
24.800 5.000 0.000 0.000 3.142 0.020 -24.800 1.099
24.900 5.000 -0.000 -0.000 3.142 0.020 -24.900 1.099
25.000 5.000 0.000 0.000 3.142 0.020 -25.000 1.099
25.100 5.000 -0.000 -0.000 3.142 0.020 -25.100 1.099
25.200 5.000 0.000 0.000 3.142 0.020 -25.200 1.099
25.300 5.000 -0.000 -0.000 3.142 0.020 -25.300 1.099
25.400 5.000 -0.000 0.000 3.142 0.020 -25.400 1.099
25.500 5.000 0.000 0.000 3.142 0.020 -25.500 1.099
25.600 5.000 -0.000 -0.000 3.142 0.020 -25.600 1.099
25.700 5.000 0.000 0.000 3.142 0.020 -25.700 1.099
25.800 5.000 0.000 0.000 3.142 0.020 -25.800 1.099
25.900 5.000 -0.000 -0.000 3.142 0.020 -25.900 1.099
26.000 5.000 0.000 0.000 3.142 0.020 -26.000 1.099
26.100 5.000 -0.000 -0.000 3.142 0.020 -26.100 1.099
26.200 5.000 0.000 0.000 3.142 0.020 -26.200 1.099
26.300 5.000 0.000 -0.000 3.142 0.020 -26.300 1.099
26.400 5.000 0.000 0.000 3.142 0.020 -26.400 1.099
26.500 5.000 -0.000 -0.000 3.142 0.020 -26.500 1.099
26.600 5.000 0.000 0.000 3.142 0.020 -26.600 1.099
26.700 5.000 -0.000 -0.000 3.142 0.020 -26.700 1.099
26.800 5.000 0.000 0.000 3.142 0.020 -26.800 1.099
26.900 5.000 0.000 0.000 3.142 0.020 -26.900 1.099
27.000 5.000 -0.000 -0.000 3.142 0.020 -27.000 1.099
27.100 5.000 0.000 0.000 3.142 0.020 -27.100 1.099
27.200 5.000 -0.000 -0.000 3.142 0.020 -27.200 1.099
27.300 5.000 0.000 0.000 3.142 0.020 -27.300 1.099
27.400 5.000 0.000 -0.000 3.142 0.020 -27.400 1.099
27.500 5.000 0.000 0.000 3.142 0.020 -27.500 1.099
27.600 5.000 -0.000 -0.000 3.142 0.020 -27.600 1.099
27.700 5.000 0.000 0.000 3.142 0.020 -27.700 1.099
27.800 5.000 -0.000 -0.000 3.142 0.020 -27.800 1.099
27.900 5.000 0.000 0.000 3.142 0.020 -27.900 1.099
28.000 5.000 0.000 0.000 3.142 0.020 -28.000 1.099
28.100 5.000 -0.000 -0.000 3.142 0.020 -28.100 1.099
28.200 5.000 0.000 0.000 3.142 0.020 -28.200 1.099
28.300 5.000 -0.000 -0.000 3.142 0.020 -28.300 1.099
28.400 5.000 0.000 0.000 3.142 0.020 -28.400 1.099
28.500 5.000 0.000 0.000 3.142 0.020 -28.500 1.099
28.600 5.000 -0.000 -0.000 3.142 0.020 -28.600 1.099
28.700 5.000 0.000 0.000 3.142 0.020 -28.700 1.099
28.800 5.000 -0.000 -0.000 3.142 0.020 -28.800 1.099
28.900 5.000 0.000 0.000 3.142 0.020 -28.900 1.099
29.000 5.000 0.000 -0.000 3.142 0.020 -29.000 1.099
29.100 5.000 0.000 0.000 3.142 0.020 -29.100 1.099
29.200 5.000 0.000 0.000 3.142 0.020 -29.200 1.099
29.300 5.000 -0.000 -0.000 3.142 0.020 -29.300 1.099
29.400 5.000 -0.000 0.000 3.142 0.020 -29.400 1.099
29.500 5.000 0.000 0.000 3.142 0.020 -29.500 1.099
29.600 5.000 -0.000 -0.000 3.142 0.020 -29.600 1.099
29.700 5.000 -0.000 0.000 3.142 0.020 -29.700 1.099
29.800 5.000 0.000 0.000 3.142 0.020 -29.800 1.099
29.900 5.000 -0.000 -0.000 3.142 0.020 -29.900 1.099
30.000 5.000 0.000 0.000 3.142 0.020 -30.000 1.099
30.100 5.000 0.000 -0.000 3.142 0.020 -30.100 1.099
30.200 5.000 0.000 0.000 3.142 0.020 -30.200 1.099
30.300 5.000 -0.000 -0.000 3.142 0.020 -30.300 1.099
30.400 5.000 0.000 0.000 3.142 0.020 -30.400 1.099
30.500 5.000 -0.000 -0.000 3.142 0.020 -30.500 1.099
30.600 5.000 0.000 0.000 3.142 0.020 -30.600 1.099
30.700 5.000 0.000 0.000 3.142 0.020 -30.700 1.099
30.800 5.000 -0.000 -0.000 3.142 0.020 -30.800 1.099
30.900 5.000 0.000 0.000 3.142 0.020 -30.900 1.099
31.000 5.000 -0.000 -0.000 3.142 0.020 -31.000 1.099
31.100 5.000 0.000 0.000 3.142 0.020 -31.100 1.099
31.200 5.000 0.000 0.000 3.142 0.020 -31.200 1.099
31.300 5.000 -0.000 -0.000 3.142 0.020 -31.300 1.099
31.400 5.000 0.000 0.000 3.142 0.020 -31.400 1.099
31.500 5.000 0.000 -0.000 3.142 0.020 -31.500 1.099
31.600 5.000 0.000 0.000 3.142 0.020 -31.600 1.099
31.700 5.000 -0.000 -0.000 3.142 0.020 -31.700 1.099
31.800 5.000 0.000 0.000 3.142 0.020 -31.800 1.099
31.900 5.000 0.000 0.000 3.142 0.020 -31.900 1.099
32.000 5.000 0.000 0.000 3.142 0.020 -32.000 1.099
32.100 5.000 -0.000 -0.000 3.142 0.020 -32.100 1.099
32.200 5.000 0.000 0.000 3.142 0.020 -32.200 1.099
32.300 5.000 -0.000 -0.000 3.142 0.020 -32.300 1.099
32.400 5.000 -0.000 0.000 3.142 0.020 -32.400 1.099
32.500 5.000 0.000 0.000 3.142 0.020 -32.500 1.099
32.600 5.000 -0.000 -0.000 3.142 0.020 -32.600 1.099
32.700 5.000 0.000 0.000 3.142 0.020 -32.700 1.099
32.800 5.000 0.000 0.000 3.142 0.020 -32.800 1.099
32.900 5.000 0.000 0.000 3.142 0.020 -32.900 1.099
33.000 5.000 0.000 0.000 3.142 0.020 -33.000 1.099
33.100 5.000 0.000 0.000 3.142 0.020 -33.100 1.099
33.200 5.000 0.000 0.000 3.142 0.020 -33.200 1.099
33.300 5.000 0.000 0.000 3.142 0.020 -33.300 1.099
33.400 5.000 0.000 0.000 3.142 0.020 -33.400 1.099
33.500 5.000 0.000 0.000 3.142 0.020 -33.500 1.099
33.600 5.000 0.000 0.000 3.142 0.020 -33.600 1.099
33.700 5.000 -0.000 -0.000 3.142 0.020 -33.700 1.099
33.800 5.000 0.000 0.000 3.142 0.020 -33.800 1.099
33.900 5.000 0.000 0.000 3.142 0.020 -33.900 1.099
34.000 5.000 -0.000 -0.000 3.142 0.020 -34.000 1.099
34.100 5.000 0.000 0.000 3.142 0.020 -34.100 1.099
34.200 5.000 0.000 0.000 3.142 0.020 -34.200 1.099
34.300 5.000 -0.000 -0.000 3.142 0.020 -34.300 1.099
34.400 5.000 0.000 0.000 3.142 0.020 -34.400 1.099
34.500 5.000 0.000 0.000 3.142 0.020 -34.500 1.099
34.600 5.000 0.000 0.000 3.142 0.020 -34.600 1.099
34.700 5.000 0.000 0.000 3.142 0.020 -34.700 1.099
34.800 4.992 -0.417 -20.833 3.142 0.020 -34.800 1.099
34.899 4.965 -1.333 -45.833 3.142 0.020 -34.899 1.099
34.998 4.918 -2.333 -50.000 3.142 0.020 -34.998 1.099
35.095 4.852 -3.333 -50.000 3.142 0.020 -35.095 1.099
35.190 4.765 -4.333 -50.000 3.142 0.020 -35.190 1.099
35.283 4.667 -4.917 -29.167 3.142 0.020 -35.283 1.099
35.375 4.567 -5.000 -4.167 3.142 0.020 -35.375 1.099
35.464 4.467 -5.000 -0.000 3.142 0.020 -35.464 1.099
35.551 4.367 -5.000 0.000 3.142 0.020 -35.551 1.099
35.637 4.267 -5.000 0.000 3.142 0.020 -35.637 1.099
35.720 4.167 -5.000 -0.000 3.142 0.020 -35.720 1.099
35.801 4.067 -5.000 0.000 3.142 0.020 -35.801 1.099
35.881 3.967 -5.000 0.000 3.142 0.020 -35.881 1.099
35.958 3.867 -5.000 -0.000 3.142 0.020 -35.958 1.099
36.033 3.767 -5.000 0.000 3.142 0.020 -36.033 1.099
36.107 3.667 -5.000 -0.000 3.142 0.020 -36.107 1.099
36.178 3.567 -5.000 0.000 3.142 0.020 -36.178 1.099
36.247 3.467 -5.000 -0.000 3.142 0.020 -36.247 1.099
36.315 3.367 -5.000 0.000 3.142 0.020 -36.315 1.099
36.380 3.267 -5.000 -0.000 3.142 0.020 -36.380 1.099
36.443 3.167 -5.000 -0.000 3.142 0.020 -36.443 1.099
36.505 3.067 -5.000 0.000 3.142 0.020 -36.505 1.099
36.564 2.967 -5.000 -0.000 3.142 0.020 -36.564 1.099
36.621 2.867 -5.000 0.000 3.142 0.020 -36.621 1.099
36.677 2.767 -5.000 0.000 3.142 0.020 -36.677 1.099
36.730 2.667 -5.000 0.000 3.142 0.020 -36.730 1.099
36.781 2.567 -5.000 0.000 3.142 0.020 -36.781 1.099
36.831 2.467 -5.000 0.000 3.142 0.020 -36.831 1.099
36.878 2.367 -5.000 -0.000 3.142 0.020 -36.878 1.099
36.923 2.267 -5.000 0.000 3.142 0.020 -36.923 1.099
36.967 2.167 -5.000 0.000 3.142 0.020 -36.967 1.099
37.008 2.067 -5.000 -0.000 3.142 0.020 -37.008 1.099
37.047 1.967 -5.000 0.000 3.142 0.020 -37.047 1.099
37.085 1.867 -5.000 0.000 3.142 0.020 -37.085 1.099
37.120 1.767 -5.000 -0.000 3.142 0.020 -37.120 1.099
37.153 1.667 -5.000 -0.000 3.142 0.020 -37.153 1.099
37.185 1.567 -5.000 0.000 3.142 0.020 -37.185 1.099
37.214 1.467 -5.000 -0.000 3.142 0.020 -37.214 1.099
37.241 1.367 -5.000 0.000 3.142 0.020 -37.241 1.099
37.267 1.267 -5.000 -0.000 3.142 0.020 -37.267 1.099
37.290 1.167 -5.000 0.000 3.142 0.020 -37.290 1.099
37.311 1.067 -5.000 0.000 3.142 0.020 -37.311 1.099
37.331 0.967 -5.000 0.000 3.142 0.020 -37.331 1.099
37.348 0.867 -5.000 -0.000 3.142 0.020 -37.348 1.099
37.363 0.767 -5.000 0.000 3.142 0.020 -37.363 1.099
37.377 0.667 -5.000 -0.000 3.142 0.020 -37.377 1.099
37.388 0.567 -5.000 0.000 3.142 0.020 -37.388 1.099
37.397 0.467 -5.000 0.000 3.142 0.020 -37.397 1.099
37.405 0.367 -5.000 -0.000 3.142 0.020 -37.405 1.099
37.410 0.267 -5.000 0.000 3.142 0.020 -37.410 1.099
37.413 0.175 -4.583 20.833 3.142 0.020 -37.413 1.099
37.415 0.102 -3.667 45.833 3.142 0.020 -37.415 1.099
37.416 0.048 -2.667 50.000 3.142 0.020 -37.416 1.099
37.417 0.015 -1.667 50.000 3.142 0.020 -37.417 1.099
37.417 0.002 -0.667 50.000 3.142 0.020 -37.417 1.099
37.417 0.000 -0.083 29.167 3.142 0.020 -37.417 1.099
